- Wave Lab

- Experiment date = 2021-12-02 10:39:31
- Experiment duration = 10.46 s
- Number of samples in measure = 1
- Sampling period = 10455.89 us
- Sampling frequency = 95 Hz
- Samples count = 1000

- adc12bit
2174
2174
2175
2170
2176
2174
2168
2174
2177
2175
2175
2178
2174
2168
2167
2180
2174
2176
2168
2179
2172
2178
2174
2176
2174
2169
2172
2171
2179
2176
2175
2172
2172
2176
2172
2172
2166
2172
2172
2168
2172
2169
2175
2177
2175
2169
2172
2174
2170
2176
2172
2172
2172
2175
2172
2175
2174
2169
2176
2183
2165
2175
2172
2171
2171
2168
2172
2172
2172
2175
2172
2168
2169
2170
2174
2172
2172
2171
2170
2171
2171
2175
2172
2171
2171
2176
2175
2174
2177
2174
2168
2172
2175
2171
2168
2178
2172
2183
2160
2168
2174
2172
2171
2168
2172
2172
2174
2170
2169
2171
2179
2170
2168
2174
2168
2166
2175
2171
2179
2171
2172
2172
2163
2178
2172
2168
2175
2177
2175
2172
2176
2172
2172
2171
2172
2171
2174
2167
2171
2179
2165
2177
2176
2174
2172
2175
2172
2177
2178
2179
2176
2170
2175
2169
2173
2175
2172
2167
2180
2178
2175
2171
2175
2172
2173
2168
2160
2174
2172
2176
2163
2168
2175
2176
2179
2172
2177
2176
2174
2172
2174
2169
2176
2172
2182
2173
2171
2172
2172
2156
2177
2179
2175
2169
2171
2175
2169
2175
2171
2176
2175
2175
2178
2172
2172
2172
2174
2172
2168
2176
2182
2170
2169
2174
2168
2176
2172
2171
2172
2168
2169
2169
2165
2168
2171
2175
2177
2174
2172
2166
2172
2172
2177
2175
2175
2169
2169
2172
2172
2172
2178
2175
2175
2165
2173
2175
2169
2172
2174
2175
2179
2174
2174
2172
2168
2174
2180
2169
2171
2169
2182
2173
2175
2175
2170
2177
2172
2171
2173
2171
2171
2179
2172
2176
2156
2171
2170
2171
2172
2168
2175
2174
2179
2177
2172
2172
2173
2175
2174
2179
2175
2171
2168
2177
2169
2168
2174
2170
2172
2172
2176
2174
2177
2182
2175
2175
2168
2174
2171
2172
2172
2179
2173
2177
2170
2171
2171
2176
2174
2171
2169
2175
2161
2172
2169
2171
2176
2177
2175
2172
2171
2172
2175
2168
2172
2172
2171
2176
2172
2176
2170
2169
2172
2170
2172
2172
2172
2170
2172
2177
2172
2180
2171
2175
2168
2171
2175
2167
2177
2175
2175
2179
2179
2171
2168
2176
2175
2174
2175
2181
2177
2174
2175
2175
2179
2167
2174
2172
2174
2167
2173
2172
2172
2174
2171
2170
2168
2171
2176
2176
2175
2172
2172
2176
2180
2172
2175
2172
2179
2168
2174
2171
2188
2172
2176
2179
2168
2175
2175
2173
2172
2168
2175
2167
2176
2171
2175
2172
2170
2168
2176
2174
2164
2175
2177
2169
2163
2172
2171
2174
2173
2176
2176
2171
2169
2175
2175
2172
2176
2170
2182
2167
2175
2175
2172
2175
2173
2164
2172
2179
2173
2176
2174
2172
2174
2172
2174
2176
2171
2182
2174
2174
2176
2165
2176
2175
2174
2169
2174
2177
2172
2172
2172
2174
2176
2175
2176
2172
2172
2169
2168
2170
2172
2171
2179
2166
2171
2174
2176
2172
2171
2172
2179
2172
2168
2169
2180
2171
2174
2170
2175
2169
2171
2174
2174
2176
2175
2173
2177
2179
2183
2172
2159
2174
2175
2177
2176
2175
2171
2180
2173
2169
2172
2169
2175
2172
2175
2176
2172
2172
2175
2172
2172
2169
2172
2163
2178
2175
2175
2172
2169
2172
2168
2171
2170
2172
2172
2177
2169
2172
2176
2168
2169
2179
2171
2163
2176
2172
2174
2172
2174
2175
2171
2174
2175
2172
2181
2174
2176
2174
2177
2168
2172
2176
2175
2177
2174
2172
2174
2180
2174
2171
2175
2173
2176
2168
2177
2174
2174
2170
2170
2172
2175
2175
2175
2173
2175
2177
2174
2176
2170
2174
2175
2179
2169
2176
2176
2172
2167
2175
2174
2171
2176
2174
2172
2170
2176
2175
2172
2172
2173
2172
2178
2174
2174
2175
2176
2174
2171
2172
2171
2174
2174
2177
2173
2177
2177
2175
2172
2174
2174
2164
2175
2172
2183
2184
2183
2174
2172
2172
2175
2172
2171
2172
2177
2174
2175
2172
2179
2172
2176
2171
2175
2172
2175
2183
2174
2180
2175
2169
2179
2180
2175
2168
2178
2171
2171
2176
2174
2172
2175
2178
2179
2177
2180
2175
2168
2175
2172
2163
2167
2179
2175
2172
2168
2174
2174
2175
2179
2175
2175
2170
2174
2174
2171
2173
2174
2176
2173
2176
2176
2174
2171
2169
2176
2175
2172
2175
2174
2175
2169
2175
2176
2176
2174
2175
2172
2176
2171
2174
2172
2172
2171
2176
2177
2177
2177
2172
2176
2174
2172
2171
2176
2172
2179
2175
2174
2172
2172
2175
2172
2168
2175
2172
2174
2172
2173
2178
2159
2175
2173
2175
2176
2169
2171
2175
2172
2169
2172
2168
2176
2180
2175
2172
2176
2171
2171
2175
2172
2176
2176
2169
2176
2177
2175
2177
2169
2171
2174
2171
2168
2174
2171
2175
2172
2175
2172
2172
2173
2180
2171
2174
2175
2175
2177
2191
2179
2178
2167
2167
2174
2174
2172
2169
2170
2179
2177
2167
2174
2179
2175
2175
2174
2172
2172
2175
2179
2169
2170
2172
2186
2171
2172
2169
2172
2172
2172
2172
2182
2180
2167
2176
2177
2174
2172
2172
2181
2172
2174
2172
2180
2169
2177
2175
2174
2179
2179
2174
2180
2174
2172
2183
2179
2174
2172
2179
2166
2176
2173
2174
2172
2175
2176
2173
2174
2172
2174
2178
2176
2172
2177
2172
2184
2174
2176
2175
2176
2163
2177
2167
2179
2177
2173
2173
2172
2172
2177
2179
2172
2174
2172
2172
2175
2172
2177
2169
2170
2175
2174
2161
2175
2174
2180
2172
2176
2172
2182
2175
2172
2176
2181
2171
2171
2168
2179
2175
2171
2176
2174
2177
2175
2170
2179
2179
2177
2176
2176
2174
2172
2171
2178
2177
2175
2179
2179
2177
2177
2177
2176
2176
2176
2177
2179
2183
2175
2186
2168
2179
2176
2175
2176
2179
2168
2181
2177
2177
2178
2175
2175
2175
2166
2173
2182
2172
2180
2177
2174
2169
2171
2171
2174
2174
2176
2172
2167
2177
2174
2183
2174
2176
2182
2172
2164
2176
2175
2172
2172
2182
2172
2171
