- Wave Lab

- Experiment date = 2021-12-02 10:35:01
- Experiment duration = 10.45 s
- Number of samples in measure = 1
- Sampling period = 10445.77 us
- Sampling frequency = 95 Hz
- Samples count = 1000

- adc12bit
1814
1812
1809
1812
1809
1809
1811
1817
1821
1816
1821
1823
1815
1825
1827
1816
1832
1835
1825
1819
1825
1822
1831
1827
1823
1820
1828
1830
1824
1824
1831
1826
1831
1820
1827
1823
1831
1827
1828
1825
1830
1827
1827
1823
1828
1825
1831
1824
1832
1831
1822
1822
1831
1826
1815
1820
1817
1826
1819
1823
1816
1841
1827
1817
1819
1822
1819
1816
1817
1817
1827
1820
1820
1816
1823
1827
1828
1823
1827
1824
1825
1819
1820
1820
1827
1825
1824
1817
1819
1825
1822
1814
1820
1819
1823
1829
1820
1825
1816
1823
1818
1818
1822
1833
1819
1831
1820
1825
1811
1823
1823
1823
1822
1825
1835
1818
1832
1823
1824
1821
1816
1825
1817
1820
1827
1818
1820
1821
1820
1817
1819
1819
1822
1815
1823
1811
1816
1811
1816
1811
1816
1815
1812
1818
1807
1816
1815
1816
1807
1814
1812
1801
1803
1792
1807
1798
1798
1807
1802
1804
1819
1809
1803
1803
1796
1806
1799
1801
1797
1800
1798
1801
1795
1804
1800
1801
1796
1796
1803
1815
1804
1801
1802
1799
1804
1798
1793
1801
1800
1799
1800
1804
1809
1800
1801
1812
1803
1810
1802
1801
1799
1803
1794
1812
1810
1803
1804
1804
1801
1806
1808
1812
1808
1810
1800
1804
1808
1804
1804
1805
1801
1804
1804
1804
1806
1800
1804
1804
1800
1799
1798
1793
1804
1799
1802
1804
1799
1804
1804
1802
1799
1801
1799
1798
1801
1807
1798
1811
1803
1805
1803
1793
1798
1794
1796
1803
1816
1807
1795
1801
1801
1800
1799
1798
1804
1799
1803
1799
1800
1804
1826
1786
1806
1803
1802
1803
1811
1806
1805
1812
1809
1813
1806
1811
1815
1810
1821
1816
1816
1814
1808
1809
1818
1814
1812
1816
1824
1816
1822
1815
1819
1819
1821
1819
1822
1820
1816
1820
1829
1819
1814
1833
1823
1823
1824
1823
1825
1822
1824
1820
1824
1831
1822
1824
1824
1821
1832
1827
1827
1834
1822
1827
1840
1828
1829
1828
1827
1821
1823
1821
1823
1820
1823
1823
1822
1818
1820
1822
1820
1811
1825
1811
1815
1818
1816
1816
1814
1799
1815
1820
1825
1811
1816
1811
1816
1813
1814
1814
1811
1815
1810
1817
1820
1806
1818
1815
1821
1818
1831
1820
1830
1816
1826
1824
1820
1825
1825
1817
1826
1829
1820
1827
1822
1826
1836
1823
1833
1817
1828
1845
1822
1825
1823
1828
1820
1830
1824
1822
1824
1836
1827
1823
1824
1822
1815
1823
1820
1827
1819
1820
1819
1812
1822
1820
1820
1812
1817
1820
1816
1827
1814
1817
1812
1815
1821
1822
1820
1811
1821
1813
1813
1812
1814
1813
1817
1817
1815
1815
1819
1811
1819
1817
1820
1820
1814
1820
1816
1820
1812
1822
1826
1812
1819
1816
1820
1828
1820
1823
1819
1823
1819
1816
1816
1824
1820
1817
1818
1824
1820
1821
1815
1816
1811
1812
1812
1811
1816
1813
1805
1807
1814
1809
1807
1811
1815
1805
1809
1812
1804
1806
1807
1807
1803
1804
1808
1811
1814
1808
1812
1813
1807
1804
1800
1817
1806
1804
1799
1814
1806
1807
1801
1801
1807
1809
1806
1801
1805
1800
1803
1803
1811
1795
1807
1795
1796
1799
1800
1802
1800
1806
1799
1799
1798
1794
1802
1805
1804
1806
1802
1808
1800
1799
1796
1806
1804
1800
1806
1804
1800
1801
1804
1788
1801
1823
1800
1803
1807
1801
1799
1800
1808
1803
1804
1807
1800
1806
1804
1804
1804
1805
1814
1804
1811
1811
1804
1804
1805
1806
1804
1808
1802
1801
1811
1801
1809
1804
1803
1807
1801
1804
1798
1807
1799
1803
1806
1803
1806
1809
1799
1800
1806
1803
1808
1801
1795
1809
1802
1806
1811
1803
1800
1800
1804
1807
1800
1811
1809
1802
1807
1807
1809
1807
1795
1813
1802
1810
1807
1825
1814
1814
1807
1811
1815
1817
1814
1815
1816
1813
1817
1824
1819
1820
1817
1816
1822
1828
1820
1828
1826
1826
1822
1819
1831
1824
1825
1831
1819
1824
1830
1831
1824
1830
1823
1827
1824
1825
1836
1823
1823
1825
1818
1820
1823
1824
1818
1815
1825
1823
1824
1821
1820
1823
1823
1809
1820
1821
1822
1816
1817
1817
1808
1822
1821
1820
1827
1819
1822
1819
1820
1815
1812
1818
1826
1814
1819
1822
1815
1811
1816
1799
1808
1816
1809
1812
1817
1819
1817
1816
1817
1812
1811
1822
1812
1817
1809
1819
1824
1821
1823
1824
1814
1817
1817
1818
1826
1821
1814
1830
1825
1823
1836
1825
1817
1820
1823
1819
1819
1825
1833
1831
1822
1819
1836
1823
1820
1822
1819
1819
1825
1823
1827
1817
1820
1820
1817
1820
1823
1813
1819
1820
1814
1823
1827
1820
1818
1815
1831
1816
1827
1818
1812
1814
1821
1820
1809
1821
1812
1818
1809
1815
1813
1813
1813
1815
1812
1809
1816
1812
1815
1814
1812
1808
1811
1808
1811
1815
1811
1812
1812
1816
1819
1808
1814
1808
1812
1828
1817
1812
1815
1817
1822
1816
1822
1814
1819
1815
1825
1819
1815
1816
1814
1816
1819
1817
1816
1814
1815
1813
1803
1801
1811
1809
1812
1811
1808
1810
1820
1803
1800
1807
1810
1808
1808
1807
1806
1804
1803
1800
1798
1809
1806
1801
1803
1803
1807
1803
1802
1820
1807
1803
1799
1803
1799
1803
1801
1799
1799
1794
1810
1800
1800
1803
1799
1803
1795
1806
1801
1799
1803
1798
1792
1806
1807
1799
1806
1804
1804
1809
1807
1806
1803
1808
1805
1802
1800
1807
1806
1808
1805
1806
1810
1804
1803
1801
1800
1805
1804
1806
1809
1806
1811
1804
1804
1807
1814
1800
1809
1794
1806
1796
1811
1806
1807
1801
1807
1809
1808
1799
1805
1806
1808
1808
1807
1814
1807
1807
1811
1807
1805
1807
1814
1812
1811
1806
1806
1804
1823
1812
1812
1811
1809
1808
1807
1802
1811
1803
1817
1814
1813
1811
1811
1815
1798
1812
1820
1813
1817
1814
1823
1812
1811
1811
1814
1808
1811
1816
1808
1811
1817
1820
