- Wave Lab

- Experiment date = 2021-12-02 10:41:53
- Experiment duration = 10.45 s
- Number of samples in measure = 1
- Sampling period = 10446.21 us
- Sampling frequency = 95 Hz
- Samples count = 1000

- adc12bit
2291
2292
2292
2288
2289
2284
2287
2291
2291
2288
2283
2294
2291
2286
2289
2284
2287
2284
2290
2291
2286
2285
2292
2287
2292
2290
2287
2288
2290
2292
2285
2289
2289
2284
2286
2291
2288
2289
2296
2289
2297
2288
2287
2293
2293
2288
2295
2296
2292
2291
2294
2293
2299
2299
2298
2291
2296
2296
2297
2296
2296
2298
2292
2292
2292
2289
2302
2296
2298
2294
2292
2294
2296
2299
2294
2292
2296
2295
2304
2296
2294
2294
2294
2297
2284
2288
2300
2297
2295
2299
2300
2298
2297
2300
2296
2294
2303
2296
2297
2296
2288
2295
2294
2301
2292
2296
2300
2297
2300
2297
2302
2300
2294
2299
2295
2296
2296
2297
2300
2296
2303
2303
2298
2296
2292
2296
2292
2299
2305
2302
2297
2308
2300
2300
2304
2298
2304
2302
2299
2303
2300
2302
2300
2302
2305
2308
2306
2302
2302
2310
2303
2299
2301
2303
2302
2300
2299
2307
2306
2300
2300
2304
2303
2300
2304
2300
2304
2300
2304
2303
2303
2296
2297
2300
2300
2303
2304
2305
2294
2302
2296
2303
2297
2296
2300
2297
2297
2299
2300
2294
2300
2300
2296
2299
2291
2291
2296
2296
2297
2297
2293
2303
2292
2294
2296
2295
2295
2291
2295
2291
2296
2293
2294
2297
2289
2291
2296
2294
2296
2291
2297
2284
2294
2291
2294
2295
2295
2296
2300
2296
2299
2294
2295
2299
2288
2296
2294
2299
2288
2295
2302
2290
2291
2294
2296
2296
2300
2296
2299
2294
2292
2302
2291
2289
2294
2291
2293
2295
2292
2292
2296
2294
2294
2295
2284
2289
2296
2289
2292
2296
2291
2288
2295
2286
2292
2288
2294
2292
2284
2291
2289
2291
2292
2288
2286
2289
2285
2293
2289
2294
2287
2291
2296
2289
2287
2293
2291
2276
2288
2298
2288
2292
2294
2291
2284
2294
2293
2296
2294
2291
2290
2295
2288
2288
2295
2295
2298
2298
2296
2295
2292
2299
2297
2297
2298
2300
2299
2300
2300
2300
2297
2300
2300
2296
2296
2300
2294
2302
2303
2302
2303
2301
2294
2296
2299
2297
2300
2293
2302
2304
2297
2302
2299
2304
2303
2303
2300
2299
2307
2298
2296
2300
2298
2305
2302
2299
2297
2300
2293
2300
2301
2300
2299
2304
2300
2299
2300
2299
2300
2300
2306
2300
2300
2299
2298
2302
2301
2300
2305
2303
2296
2305
2303
2298
2299
2303
2305
2300
2306
2299
2303
2301
2304
2296
2299
2304
2300
2300
2304
2302
2300
2303
2303
2300
2296
2301
2308
2300
2302
2308
2298
2302
2299
2301
2298
2303
2303
2304
2307
2300
2300
2298
2300
2303
2300
2296
2302
2307
2291
2300
2302
2292
2297
2296
2302
2302
2295
2295
2299
2295
2300
2299
2296
2297
2298
2295
2295
2292
2296
2299
2291
2291
2291
2294
2288
2291
2295
2294
2289
2294
2289
2291
2292
2294
2294
2299
2294
2303
2294
2291
2291
2292
2296
2289
2294
2292
2295
2294
2294
2292
2291
2296
2292
2289
2294
2288
2289
2305
2292
2297
2291
2291
2300
2288
2296
2295
2292
2291
2294
2293
2302
2296
2290
2291
2297
2293
2292
2289
2302
2298
2292
2291
2290
2290
2296
2288
2290
2291
2297
2290
2298
2296
2300
2292
2292
2296
2296
2295
2295
2294
2299
2293
2287
2294
2291
2300
2298
2292
2292
2290
2290
2295
2294
2288
2295
2290
2292
2294
2291
2292
2295
2296
2299
2294
2299
2291
2292
2276
2291
2294
2296
2293
2296
2295
2296
2296
2294
2297
2296
2296
2297
2296
2296
2297
2304
2298
2302
2299
2302
2305
2296
2307
2302
2299
2303
2304
2301
2294
2302
2303
2302
2302
2299
2305
2304
2304
2296
2300
2296
2300
2300
2294
2311
2300
2303
2300
2304
2300
2302
2304
2302
2303
2300
2301
2302
2303
2304
2300
2303
2303
2298
2300
2299
2301
2302
2303
2302
2299
2297
2302
2303
2296
2300
2296
2296
2294
2300
2299
2297
2299
2297
2299
2300
2302
2302
2300
2300
2296
2295
2307
2298
2296
2300
2300
2304
2299
2300
2308
2302
2299
2300
2298
2302
2300
2304
2300
2300
2297
2302
2300
2299
2299
2299
2304
2300
2300
2297
2297
2298
2303
2301
2302
2296
2304
2300
2299
2303
2305
2290
2299
2300
2299
2299
2299
2306
2300
2306
2299
2296
2298
2297
2294
2302
2295
2300
2296
2295
2292
2295
2292
2295
2303
2296
2298
2291
2289
2287
2289
2292
2290
2293
2294
2294
2292
2291
2290
2296
2287
2288
2294
2293
2291
2291
2297
2292
2295
2291
2295
2291
2288
2302
2290
2290
2295
2291
2289
2291
2294
2290
2295
2293
2300
2290
2291
2291
2296
2292
2294
2294
2292
2288
2291
2297
2298
2291
2292
2292
2295
2291
2294
2291
2295
2294
2294
2288
2295
2293
2291
2296
2291
2294
2292
2294
2291
2292
2292
2296
2295
2288
2295
2300
2289
2293
2299
2294
2292
2291
2298
2291
2296
2293
2294
2295
2297
2296
2294
2294
2291
2291
2294
2289
2296
2296
2292
2293
2297
2296
2300
2291
2289
2300
2295
2295
2297
2296
2296
2294
2294
2293
2289
2294
2293
2294
2289
2295
2298
2297
2297
2300
2300
2294
2299
2296
2302
2303
2297
2298
2301
2302
2294
2302
2300
2296
2296
2300
2302
2303
2306
2303
2303
2303
2304
2302
2300
2298
2294
2299
2303
2297
2295
2302
2303
2302
2297
2302
2299
2303
2302
2300
2297
2300
2300
2300
2304
2296
2303
2303
2300
2300
2288
2288
2300
2294
2303
2298
2296
2297
2300
2303
2299
2294
2292
2296
2297
2297
2302
2303
2300
2298
2296
2300
2300
2294
2296
2295
2296
2296
2297
2296
2296
2303
2300
2296
2299
2294
2302
2297
2300
2301
2301
2300
2298
2300
2294
2289
2295
2298
2295
2295
2297
2297
2297
2300
2297
2294
2299
2302
2296
2296
2296
2293
2297
2296
2297
2299
2299
2296
2283
2295
2295
2291
2295
2298
2295
2301
2300
2296
2296
2297
2287
2294
2289
2292
2296
2293
2296
2296
2291
2294
2292
2291
2295
2295
2291
2289
2291
2281
2291
2293
2291
