- Wave Lab

- Experiment date = 2021-12-02 10:32:12
- Experiment duration = 10.45 s
- Number of samples in measure = 1
- Sampling period = 10451.56 us
- Sampling frequency = 95 Hz
- Samples count = 1000

- adc12bit
1088
1075
1086
1086
1087
1085
1089
1089
1088
1084
1086
1082
1084
1084
1080
1089
1084
1084
1091
1086
1084
1088
1082
1089
1088
1080
1089
1081
1091
1091
1082
1084
1080
1088
1097
1094
1091
1086
1082
1083
1092
1089
1091
1086
1080
1095
1088
1088
1084
1088
1094
1091
1087
1095
1087
1088
1089
1088
1088
1092
1089
1080
1084
1083
1088
1091
1095
1082
1089
1087
1092
1087
1097
1086
1085
1087
1088
1091
1092
1088
1089
1085
1090
1087
1087
1088
1086
1093
1091
1079
1088
1090
1087
1089
1087
1085
1095
1087
1093
1084
1095
1086
1093
1092
1095
1096
1092
1087
1091
1091
1093
1096
1098
1090
1100
1101
1092
1092
1097
1102
1094
1091
1096
1103
1100
1103
1107
1102
1110
1104
1104
1104
1100
1107
1097
1095
1108
1107
1111
1112
1111
1114
1111
1108
1112
1114
1110
1119
1114
1108
1118
1109
1120
1120
1114
1116
1118
1112
1111
1115
1120
1120
1105
1112
1111
1112
1119
1113
1107
1118
1112
1118
1104
1107
1114
1118
1115
1106
1122
1110
1112
1108
1115
1120
1102
1113
1104
1117
1107
1114
1107
1111
1110
1110
1112
1112
1109
1113
1112
1111
1110
1108
1110
1111
1116
1108
1107
1096
1120
1120
1112
1109
1107
1112
1114
1105
1112
1114
1111
1104
1109
1109
1115
1112
1105
1108
1109
1109
1108
1118
1109
1115
1107
1109
1112
1106
1109
1112
1105
1109
1108
1108
1107
1108
1106
1116
1114
1107
1107
1108
1107
1108
1100
1107
1110
1112
1103
1104
1104
1112
1104
1110
1101
1112
1110
1112
1110
1103
1110
1097
1107
1112
1103
1108
1096
1088
1096
1101
1108
1099
1112
1110
1111
1107
1097
1107
1107
1103
1102
1105
1102
1109
1100
1108
1106
1100
1109
1103
1104
1100
1107
1099
1102
1105
1102
1100
1116
1103
1102
1110
1107
1097
1103
1100
1105
1106
1097
1100
1116
1109
1110
1114
1107
1098
1108
1105
1100
1105
1100
1108
1105
1105
1100
1111
1106
1103
1099
1100
1105
1107
1104
1107
1103
1113
1102
1104
1107
1101
1105
1109
1101
1100
1102
1101
1107
1101
1108
1098
1099
1109
1095
1102
1101
1098
1103
1100
1103
1111
1100
1099
1103
1099
1105
1105
1105
1099
1112
1100
1103
1108
1103
1105
1105
1090
1096
1096
1107
1108
1098
1097
1094
1100
1096
1098
1104
1100
1096
1103
1102
1096
1107
1104
1103
1100
1095
1103
1100
1100
1099
1094
1102
1089
1100
1104
1098
1096
1104
1096
1099
1097
1098
1111
1100
1095
1099
1097
1107
1096
1106
1092
1097
1095
1100
1101
1102
1103
1100
1099
1100
1101
1104
1103
1096
1100
1100
1100
1102
1095
1095
1090
1089
1100
1094
1092
1099
1086
1092
1103
1112
1103
1095
1100
1097
1095
1102
1095
1100
1092
1095
1095
1102
1101
1100
1100
1099
1100
1095
1097
1094
1097
1095
1113
1095
1097
1094
1091
1105
1099
1090
1095
1100
1093
1088
1096
1086
1094
1097
1095
1094
1089
1094
1097
1116
1096
1104
1103
1087
1100
1097
1099
1100
1082
1099
1098
1094
1094
1104
1100
1093
1088
1095
1107
1103
1095
1088
1095
1091
1094
1102
1092
1107
1095
1095
1089
1095
1101
1094
1099
1088
1095
1092
1092
1083
1092
1096
1095
1092
1096
1092
1096
1094
1094
1081
1087
1101
1093
1088
1091
1095
1091
1089
1086
1095
1091
1092
1091
1090
1092
1094
1103
1092
1087
1083
1097
1093
1098
1111
1096
1088
1094
1097
1095
1096
1092
1086
1090
1097
1093
1092
1087
1099
1098
1091
1094
1089
1092
1097
1092
1099
1081
1097
1086
1087
1099
1094
1089
1100
1093
1092
1087
1090
1089
1099
1101
1099
1095
1088
1094
1091
1087
1082
1087
1081
1092
1091
1089
1087
1092
1095
1091
1087
1090
1095
1087
1080
1085
1087
1091
1094
1091
1095
1095
1094
1084
1089
1088
1089
1091
1092
1095
1088
1094
1092
1092
1091
1096
1093
1088
1091
1093
1091
1090
1099
1096
1097
1100
1091
1095
1089
1086
1095
1087
1103
1087
1091
1092
1099
1097
1100
1092
1084
1091
1094
1092
1091
1094
1094
1091
1097
1100
1094
1093
1094
1092
1091
1092
1093
1099
1100
1095
1101
1107
1099
1107
1105
1106
1111
1101
1096
1112
1107
1108
1108
1104
1116
1104
1106
1109
1105
1098
1104
1098
1113
1111
1107
1104
1113
1093
1116
1111
1108
1108
1112
1105
1118
1116
1112
1112
1113
1110
1112
1111
1122
1112
1115
1108
1107
1108
1111
1107
1111
1100
1114
1108
1110
1110
1114
1115
1115
1110
1108
1108
1105
1107
1107
1116
1107
1107
1113
1107
1105
1108
1123
1099
1115
1112
1115
1104
1113
1109
1107
1111
1104
1103
1109
1112
1117
1105
1112
1111
1107
1115
1110
1110
1103
1110
1112
1110
1100
1110
1117
1107
1118
1111
1112
1104
1108
1110
1102
1103
1111
1111
1105
1108
1113
1103
1111
1111
1118
1107
1116
1103
1100
1108
1104
1101
1103
1100
1112
1104
1111
1108
1103
1108
1104
1105
1104
1115
1107
1112
1103
1110
1109
1096
1119
1104
1101
1107
1112
1108
1108
1108
1103
1100
1109
1105
1111
1107
1107
1106
1109
1107
1103
1111
1111
1103
1112
1107
1105
1106
1111
1105
1107
1110
1111
1105
1105
1103
1103
1104
1105
1109
1105
1098
1104
1116
1108
1103
1107
1103
1108
1101
1102
1103
1111
1104
1100
1104
1102
1111
1107
1108
1104
1099
1103
1104
1098
1103
1107
1106
1115
1105
1106
1101
1103
1105
1103
1095
1103
1100
1104
1108
1110
1107
1108
1124
1107
1112
1113
1099
1103
1104
1116
1103
1100
1108
1107
1111
1099
1097
1105
1102
1100
1112
1105
1107
1100
1103
1107
1103
1107
1107
1105
1104
1103
1108
1103
1095
1100
1105
1108
1099
1103
1095
1100
1094
1103
1103
1099
1102
1096
1103
1109
1095
1103
1100
1109
1104
1101
1102
1098
1102
1098
1099
1103
1100
1105
1104
1104
1104
1103
1101
1100
1099
1097
1103
1100
1106
1100
1109
