- Wave Lab

- Experiment date = 2021-12-02 10:36:24
- Experiment duration = 10.44 s
- Number of samples in measure = 1
- Sampling period = 10442.53 us
- Sampling frequency = 95 Hz
- Samples count = 1000

- adc12bit
2079
2078
2075
2083
2075
2076
2083
2079
2079
2079
2091
2081
2076
2074
2079
2079
2083
2072
2073
2076
2077
2079
2073
2071
2076
2075
2080
2077
2091
2082
2079
2085
2094
2064
2084
2079
2083
2087
2078
2086
2079
2075
2080
2088
2083
2084
2088
2091
2087
2082
2088
2078
2081
2081
2079
2081
2087
2087
2075
2079
2082
2084
2082
2083
2080
2084
2087
2081
2080
2073
2086
2076
2082
2081
2080
2081
2083
2074
2083
2083
2090
2080
2072
2080
2079
2085
2076
2076
2079
2080
2083
2071
2076
2083
2081
2086
2082
2083
2083
2081
2082
2084
2087
2084
2083
2087
2083
2090
2090
2096
2087
2088
2091
2095
2095
2095
2094
2096
2092
2093
2092
2094
2100
2094
2084
2099
2096
2090
2092
2089
2094
2086
2088
2099
2096
2095
2097
2100
2095
2107
2088
2094
2095
2091
2092
2088
2098
2095
2096
2095
2094
2088
2091
2084
2081
2091
2091
2092
2094
2084
2086
2083
2088
2089
2089
2089
2098
2089
2098
2087
2080
2087
2089
2088
2091
2085
2088
2087
2094
2086
2089
2088
2083
2088
2087
2079
2083
2087
2084
2085
2091
2087
2093
2076
2077
2081
2078
2082
2079
2077
2080
2081
2079
2073
2071
2072
2072
2072
2088
2071
2071
2071
2083
2073
2072
2056
2072
2067
2073
2075
2074
2070
2070
2072
2067
2071
2066
2063
2071
2076
2073
2071
2071
2073
2072
2071
2067
2068
2079
2068
2074
2068
2067
2073
2066
2076
2071
2073
2075
2073
2073
2072
2075
2076
2082
2070
2078
2078
2067
2071
2068
2083
2075
2067
2082
2075
2082
2073
2079
2078
2076
2080
2077
2079
2078
2078
2076
2076
2079
2076
2076
2080
2080
2080
2087
2081
2074
2081
2080
2075
2076
2079
2072
2079
2078
2079
2077
2073
2078
2085
2072
2080
2080
2078
2078
2075
2079
2079
2078
2080
2079
2075
2075
2079
2076
2071
2082
2080
2077
2076
2078
2076
2075
2067
2076
2079
2075
2078
2071
2075
2083
2075
2068
2073
2078
2071
2076
2073
2067
2080
2073
2076
2073
2082
2072
2076
2072
2078
2077
2082
2095
2080
2076
2085
2087
2079
2076
2075
2080
2081
2076
2083
2080
2086
2083
2080
2083
2089
2087
2079
2079
2085
2086
2080
2095
2079
2081
2086
2080
2084
2078
2081
2080
2080
2084
2084
2079
2083
2083
2078
2083
2076
2083
2081
2086
2072
2080
2083
2083
2079
2081
2090
2081
2083
2083
2082
2081
2092
2087
2079
2078
2080
2078
2088
2084
2087
2075
2081
2079
2083
2086
2091
2087
2088
2086
2092
2087
2088
2087
2084
2092
2091
2087
2083
2092
2092
2092
2087
2091
2089
2101
2088
2081
2094
2086
2092
2086
2090
2092
2083
2086
2090
2091
2087
2094
2089
2086
2086
2089
2084
2092
2092
2083
2084
2084
2085
2087
2088
2086
2087
2084
2092
2083
2086
2076
2076
2088
2084
2086
2078
2076
2078
2086
2079
2075
2084
2079
2076
2077
2088
2067
2080
2075
2082
2073
2083
2079
2074
2071
2066
2076
2078
2072
2072
2078
2063
2076
2069
2068
2071
2076
2079
2079
2088
2067
2074
2078
2072
2071
2066
2072
2075
2076
2078
2072
2071
2067
2072
2072
2077
2073
2065
2068
2073
2070
2069
2063
2067
2068
2059
2065
2070
2071
2067
2075
2064
2071
2072
2075
2067
2071
2078
2063
2064
2064
2070
2080
2079
2076
2067
2068
2071
2073
2068
2072
2075
2075
2077
2071
2072
2073
2070
2075
2075
2072
2074
2079
2073
2072
2075
2078
2076
2072
2078
2079
2070
2076
2077
2078
2076
2074
2075
2074
2079
2079
2090
2088
2079
2077
2078
2078
2083
2075
2077
2068
2080
2094
2076
2077
2076
2078
2076
2081
2074
2074
2076
2079
2076
2079
2074
2076
2075
2073
2078
2076
2080
2079
2067
2074
2067
2080
2081
2078
2076
2077
2070
2072
2080
2077
2080
2073
2078
2078
2076
2076
2082
2079
2079
2073
2076
2072
2076
2075
2076
2079
2074
2080
2078
2086
2083
2081
2076
2075
2072
2077
2083
2076
2076
2081
2070
2079
2081
2084
2088
2079
2078
2079
2084
2084
2086
2080
2081
2079
2084
2082
2082
2080
2084
2079
2092
2088
2083
2079
2083
2084
2080
2080
2079
2082
2083
2086
2082
2095
2084
2076
2088
2077
2084
2089
2079
2091
2080
2081
2092
2084
2080
2094
2094
2096
2084
2084
2083
2080
2081
2083
2083
2084
2088
2084
2084
2086
2078
2086
2072
2083
2087
2078
2089
2089
2083
2089
2083
2079
2081
2089
2088
2089
2088
2092
2091
2087
2081
2091
2082
2087
2085
2077
2098
2092
2091
2087
2083
2090
2078
2081
2087
2094
2086
2082
2081
2092
2086
2084
2080
2075
2082
2075
2079
2079
2080
2079
2076
2076
2079
2088
2079
2076
2079
2075
2077
2075
2068
2075
2072
2063
2074
2072
2075
2071
2071
2072
2071
2072
2080
2072
2075
2072
2073
2071
2063
2075
2076
2070
2072
2072
2072
2075
2074
2074
2072
2072
2080
2070
2068
2072
2072
2077
2071
2064
2069
2086
2061
2070
2076
2070
2076
2079
2073
2072
2070
2072
2076
2069
2072
2079
2067
2073
2078
2071
2071
2073
2065
2080
2074
2068
2079
2068
2068
2073
2071
2078
2063
2071
2072
2072
2077
2070
2077
2067
2071
2072
2073
2068
2080
2077
2072
2077
2078
2080
2076
2076
2076
2063
2072
2067
2074
2067
2071
2071
2073
2072
2073
2073
2077
2089
2066
2082
2075
2076
2076
2072
2082
2076
2076
2075
2077
2079
2079
2073
2079
2080
2076
2079
2073
2079
2078
2072
2095
2108
2085
2076
2076
2074
2075
2080
2084
2078
2076
2081
2076
2073
2080
2080
2076
2078
2077
2067
2070
2073
2075
2073
2073
2076
2077
2069
2082
2078
2084
2076
2074
2078
2076
2067
2076
2072
2072
2080
2088
2075
2072
2076
2077
2076
2072
2083
2076
2086
2081
2079
2078
2076
2083
2078
2081
2076
2086
2080
2078
2081
2077
2075
2084
2081
2077
2080
2076
2079
2083
2075
2087
2079
2083
2078
2076
2080
2081
2081
2081
2084
2083
