- Wave Lab

- Experiment date = 2021-12-02 10:33:55
- Experiment duration = 10.45 s
- Number of samples in measure = 1
- Sampling period = 10454.80 us
- Sampling frequency = 95 Hz
- Samples count = 1000

- adc12bit
1523
1524
1521
1523
1516
1525
1519
1518
1518
1522
1518
1517
1520
1523
1513
1518
1516
1522
1518
1520
1520
1512
1516
1512
1531
1511
1523
1512
1517
1520
1524
1521
1512
1514
1513
1513
1505
1513
1520
1509
1507
1508
1513
1505
1503
1507
1508
1508
1505
1496
1504
1510
1513
1498
1502
1499
1504
1510
1488
1497
1503
1503
1501
1504
1500
1500
1495
1504
1487
1499
1497
1498
1496
1494
1500
1500
1490
1491
1486
1489
1484
1488
1495
1489
1496
1491
1484
1488
1497
1489
1482
1492
1493
1496
1488
1499
1487
1488
1489
1492
1491
1487
1478
1482
1494
1483
1482
1481
1478
1485
1496
1484
1490
1486
1492
1478
1479
1483
1480
1469
1488
1486
1493
1477
1481
1472
1489
1471
1479
1478
1476
1489
1487
1475
1468
1470
1473
1473
1470
1475
1459
1472
1481
1472
1458
1469
1469
1468
1471
1467
1473
1463
1472
1467
1475
1467
1478
1477
1468
1468
1467
1477
1478
1468
1475
1470
1465
1465
1471
1462
1462
1460
1460
1465
1465
1462
1471
1476
1467
1464
1472
1462
1463
1463
1460
1448
1464
1463
1464
1467
1468
1460
1469
1465
1468
1460
1460
1466
1465
1462
1475
1467
1471
1462
1456
1452
1459
1470
1468
1470
1468
1466
1465
1458
1459
1456
1462
1461
1467
1462
1460
1465
1463
1468
1462
1472
1457
1465
1448
1456
1452
1452
1464
1456
1460
1452
1456
1455
1459
1457
1459
1463
1455
1455
1458
1457
1456
1455
1462
1448
1451
1453
1454
1441
1464
1452
1449
1449
1452
1456
1454
1457
1454
1456
1460
1454
1459
1453
1463
1444
1460
1455
1454
1456
1458
1466
1463
1456
1456
1467
1465
1468
1464
1466
1471
1467
1463
1465
1464
1464
1473
1472
1464
1472
1475
1478
1492
1476
1480
1476
1481
1484
1480
1484
1489
1484
1496
1498
1500
1499
1504
1521
1505
1511
1521
1520
1526
1532
1532
1542
1545
1548
1552
1555
1550
1564
1568
1568
1573
1569
1579
1575
1582
1579
1576
1573
1571
1575
1568
1569
1560
1562
1560
1560
1555
1543
1548
1540
1544
1537
1544
1528
1531
1526
1529
1528
1528
1516
1523
1536
1516
1524
1517
1521
1517
1517
1512
1522
1518
1520
1526
1529
1511
1515
1521
1520
1523
1525
1523
1525
1517
1523
1520
1528
1522
1526
1536
1525
1527
1531
1528
1532
1522
1523
1527
1529
1529
1531
1538
1528
1532
1531
1526
1533
1531
1523
1531
1526
1526
1540
1517
1516
1523
1527
1520
1523
1517
1513
1520
1517
1516
1516
1516
1512
1506
1516
1511
1511
1508
1510
1503
1510
1510
1486
1503
1504
1520
1499
1511
1508
1508
1506
1507
1509
1503
1509
1511
1511
1510
1510
1511
1486
1505
1519
1514
1519
1508
1520
1517
1509
1505
1518
1504
1508
1519
1506
1517
1497
1513
1507
1505
1511
1510
1502
1516
1503
1507
1502
1509
1501
1503
1499
1502
1500
1502
1497
1497
1503
1495
1496
1503
1496
1492
1498
1495
1496
1495
1489
1497
1491
1491
1493
1495
1494
1497
1495
1499
1497
1494
1494
1491
1487
1491
1495
1494
1490
1497
1487
1484
1487
1492
1496
1497
1488
1490
1491
1489
1485
1483
1486
1491
1486
1484
1488
1487
1484
1491
1478
1489
1484
1478
1489
1497
1481
1471
1485
1487
1490
1483
1492
1488
1483
1478
1481
1477
1485
1480
1485
1485
1483
1487
1475
1478
1477
1478
1481
1484
1481
1475
1478
1475
1478
1472
1478
1472
1478
1482
1479
1481
1478
1482
1468
1475
1473
1459
1475
1484
1477
1475
1472
1472
1478
1471
1479
1472
1473
1475
1475
1472
1466
1467
1465
1473
1456
1470
1468
1465
1491
1462
1468
1473
1482
1475
1462
1468
1472
1472
1468
1462
1464
1473
1470
1468
1468
1467
1474
1463
1462
1463
1467
1469
1472
1470
1468
1467
1470
1471
1465
1473
1471
1472
1465
1466
1468
1471
1464
1464
1468
1464
1466
1466
1460
1468
1467
1460
1459
1464
1461
1474
1457
1468
1463
1474
1463
1460
1470
1464
1467
1467
1466
1461
1463
1465
1464
1459
1468
1473
1459
1462
1469
1464
1475
1459
1468
1471
1463
1459
1460
1478
1466
1465
1464
1470
1464
1464
1468
1470
1471
1464
1471
1473
1463
1461
1468
1464
1464
1465
1466
1466
1459
1459
1472
1467
1459
1475
1468
1472
1473
1482
1468
1483
1472
1475
1475
1475
1473
1488
1486
1481
1492
1493
1492
1496
1498
1503
1504
1504
1516
1512
1514
1519
1513
1523
1525
1531
1534
1533
1536
1537
1548
1555
1565
1558
1554
1549
1545
1558
1560
1555
1548
1558
1557
1554
1547
1547
1547
1543
1545
1542
1539
1540
1533
1550
1527
1533
1537
1532
1530
1531
1509
1524
1520
1518
1516
1520
1507
1519
1512
1512
1506
1511
1500
1510
1506
1510
1504
1505
1504
1505
1507
1512
1509
1514
1511
1503
1507
1511
1514
1512
1512
1508
1506
1505
1510
1516
1520
1515
1516
1518
1520
1520
1505
1532
1511
1523
1521
1530
1523
1524
1524
1532
1520
1528
1526
1522
1523
1521
1523
1514
1521
1532
1519
1526
1526
1524
1512
1512
1507
1516
1502
1515
1512
1507
1510
1508
1506
1509
1502
1504
1503
1492
1500
1501
1503
1503
1499
1504
1486
1500
1496
1499
1504
1500
1505
1500
1500
1505
1508
1503
1512
1499
1500
1506
1507
1507
1511
1503
1518
1506
1517
1504
1505
1516
1506
1507
1505
1503
1506
1508
1510
1503
1504
1506
1508
1502
1497
1504
1499
1504
1504
1491
1498
1513
1500
1502
1499
1502
1507
1499
1497
1496
1492
1499
1496
1496
1499
1491
1496
1497
1494
1496
1493
1498
1504
1497
1496
1483
1496
1491
1491
1494
1494
1494
1496
1495
1491
1495
1494
1496
1495
1489
1488
1507
1472
1490
1489
1484
1492
1488
1493
1485
1489
1488
1478
1489
1487
1487
1487
1489
1484
1492
1479
1489
1487
1489
1478
1504
1479
1466
1484
1484
1489
1487
1491
1484
1484
1484
1483
1488
1487
1485
1488
1489
1480
1483
1484
1479
1479
1489
1493
