- Wave Lab

- Experiment date = 2021-11-25 10:19:20
- Experiment duration = 15.50 s
- Number of samples in measure = 1
- Sampling period = 15501.32 us
- Sampling frequency = 64 Hz
- Samples count = 1000

- adc12bit
2276
2276
2279
2288
2277
2278
2275
2279
2277
2280
2281
2274
2276
2282
2277
2270
2278
2274
2276
2281
2278
2275
2278
2276
2288
2280
2274
2281
2283
2279
2283
2278
2281
2279
2272
2278
2276
2272
2276
2279
2278
2280
2273
2276
2276
2278
2271
2284
2275
2278
2277
2278
2289
2281
2276
2275
2276
2278
2276
2281
2279
2276
2280
2278
2277
2275
2274
2278
2276
2279
2278
2275
2278
2272
2272
2276
2284
2272
2276
2275
2281
2280
2276
2275
2278
2279
2277
2276
2276
2282
2281
2284
2278
2281
2284
2276
2284
2277
2280
2283
2276
2279
2281
2279
2277
2292
2277
2283
2279
2271
2280
2275
2276
2275
2279
2279
2284
2287
2280
2279
2284
2277
2278
2279
2280
2273
2276
2279
2276
2279
2271
2275
2274
2283
2277
2274
2275
2278
2275
2279
2279
2280
2275
2283
2277
2275
2282
2278
2278
2276
2279
2275
2276
2277
2277
2280
2275
2283
2280
2276
2279
2277
2278
2275
2279
2278
2280
2279
2282
2275
2278
2276
2279
2277
2276
2278
2281
2279
2283
2275
2276
2278
2278
2282
2279
2276
2280
2276
2275
2283
2275
2277
2275
2283
2277
2279
2277
2275
2275
2276
2272
2281
2279
2278
2280
2280
2278
2276
2274
2279
2278
2284
2278
2279
2277
2278
2278
2276
2280
2280
2279
2281
2275
2283
2281
2277
2283
2274
2278
2280
2278
2276
2284
2280
2280
2280
2276
2273
2276
2278
2279
2284
2275
2277
2284
2279
2272
2274
2277
2282
2286
2278
2284
2276
2279
2276
2279
2273
2281
2276
2283
2273
2275
2268
2279
2279
2279
2278
2275
2283
2274
2278
2278
2286
2283
2276
2287
2278
2277
2272
2279
2277
2280
2276
2279
2278
2283
2279
2280
2284
2279
2277
2284
2283
2283
2278
2278
2279
2280
2284
2279
2276
2276
2278
2277
2279
2280
2284
2281
2286
2280
2279
2278
2281
2282
2277
2284
2278
2285
2279
2282
2283
2278
2279
2275
2281
2275
2286
2280
2279
2281
2279
2287
2280
2276
2279
2280
2283
2278
2279
2289
2279
2289
2279
2280
2279
2278
2278
2279
2274
2280
2276
2279
2273
2288
2281
2275
2284
2271
2277
2283
2279
2278
2281
2282
2277
2285
2279
2278
2277
2277
2281
2277
2276
2281
2281
2276
2275
2279
2278
2278
2280
2277
2276
2275
2279
2284
2280
2278
2275
2284
2279
2276
2284
2281
2275
2279
2278
2280
2276
2279
2275
2276
2286
2278
2278
2282
2280
2278
2279
2279
2276
2275
2279
2286
2278
2278
2279
2278
2279
2275
2280
2277
2278
2286
2279
2280
2279
2281
2281
2280
2281
2281
2286
2278
2279
2279
2279
2277
2275
2278
2280
2281
2284
2275
2279
2284
2282
2281
2278
2280
2279
2279
2280
2279
2272
2279
2278
2277
2278
2284
2280
2288
2279
2278
2285
2283
2279
2281
2278
2276
2289
2278
2290
2279
2280
2279
2279
2281
2279
2268
2280
2286
2277
2281
2279
2278
2278
2280
2278
2279
2280
2281
2279
2278
2279
2280
2278
2285
2278
2281
2281
2276
2280
2276
2281
2274
2284
2280
2283
2281
2279
2280
2280
2279
2278
2273
2275
2275
2273
2281
2279
2281
2279
2277
2283
2288
2283
2285
2281
2277
2282
2277
2282
2279
2279
2279
2278
2276
2276
2279
2273
2279
2278
2275
2280
2276
2279
2279
2279
2279
2278
2279
2279
2280
2286
2283
2281
2275
2281
2278
2283
2278
2278
2281
2278
2273
2284
2280
2275
2276
2275
2278
2276
2276
2284
2284
2278
2279
2276
2272
2279
2279
2276
2277
2284
2278
2277
2276
2284
2280
2276
2278
2279
2276
2276
2275
2279
2280
2279
2284
2280
2278
2276
2279
2279
2280
2280
2280
2278
2278
2275
2279
2283
2276
2275
2279
2283
2278
2274
2281
2279
2278
2277
2283
2275
2278
2279
2276
2273
2279
2283
2273
2274
2280
2279
2282
2280
2276
2281
2277
2282
2279
2285
2280
2280
2279
2276
2278
2282
2278
2284
2277
2278
2279
2279
2289
2281
2284
2279
2280
2283
2276
2288
2283
2276
2284
2281
2277
2276
2281
2281
2288
2275
2279
2280
2279
2278
2276
2282
2279
2288
2277
2282
2279
2286
2274
2282
2278
2280
2279
2273
2278
2281
2280
2273
2275
2278
2284
2272
2276
2278
2280
2277
2284
2275
2279
2279
2279
2280
2281
2276
2281
2275
2279
2277
2279
2279
2276
2278
2274
2276
2273
2277
2275
2282
2288
2281
2276
2288
2279
2270
2276
2282
2282
2283
2279
2281
2278
2279
2275
2279
2276
2282
2275
2278
2279
2279
2279
2278
2282
2276
2282
2284
2275
2276
2275
2279
2278
2276
2284
2279
2281
2291
2283
2278
2276
2280
2283
2276
2275
2278
2279
2276
2283
2281
2279
2278
2279
2280
2281
2277
2279
2279
2279
2281
2279
2280
2281
2279
2281
2282
2282
2280
2284
2279
2284
2283
2278
2278
2284
2276
2279
2281
2284
2285
2280
2278
2281
2272
2281
2279
2283
2280
2275
2279
2281
2278
2273
2279
2276
2280
2282
2281
2281
2283
2278
2279
2279
2280
2279
2279
2280
2279
2283
2283
2276
2279
2279
2280
2280
2279
2281
2287
2280
2275
2277
2283
2278
2276
2280
2278
2279
2285
2275
2279
2281
2283
2280
2278
2275
2285
2281
2280
2284
2288
2282
2284
2283
2279
2279
2277
2280
2281
2283
2279
2283
2275
2284
2284
2279
2280
2278
2281
2279
2283
2283
2277
2281
2279
2279
2283
2282
2280
2280
2281
2284
2279
2275
2282
2286
2272
2279
2278
2275
2281
2279
2280
2278
2281
2280
2270
2279
2274
2276
2281
2279
2279
2279
2277
2279
2280
2279
2285
2291
2279
2279
2278
2282
2281
2278
2273
2278
2279
2279
2284
2279
2280
2281
2281
2276
2276
2279
2281
2285
2281
2275
2278
2278
2278
2280
2277
2279
2281
2284
2271
2284
2281
2277
2279
2276
2283
2284
2279
2281
2281
2279
2283
2273
2274
2280
2276
2279
2275
2277
2284
2284
2273
2283
2283
2280
2278
2275
2284
2280
2277
2278
2279
2277
2279
2286
2279
2284
2284
2278
2281
2279
2281
2280
2284
