- Wave Lab

- Experiment date = 2021-11-25 10:20:27
- Experiment duration = 15.47 s
- Number of samples in measure = 1
- Sampling period = 15473.27 us
- Sampling frequency = 64 Hz
- Samples count = 1000

- adc12bit
2399
2392
2396
2399
2396
2400
2400
2403
2398
2406
2407
2399
2398
2390
2395
2392
2400
2401
2399
2408
2399
2396
2388
2396
2396
2400
2399
2399
2394
2398
2392
2400
2396
2396
2400
2394
2400
2403
2398
2386
2406
2400
2398
2398
2392
2388
2400
2396
2396
2398
2398
2395
2400
2397
2397
2394
2395
2395
2393
2399
2392
2392
2396
2398
2393
2395
2399
2385
2401
2393
2396
2398
2395
2393
2397
2395
2398
2395
2387
2391
2395
2393
2392
2392
2393
2390
2400
2392
2396
2400
2399
2399
2388
2398
2395
2396
2396
2395
2397
2399
2393
2395
2398
2392
2394
2403
2401
2403
2400
2400
2403
2398
2398
2398
2402
2400
2396
2401
2400
2400
2405
2399
2404
2399
2401
2402
2396
2398
2400
2403
2400
2403
2400
2404
2403
2403
2400
2396
2399
2398
2392
2400
2404
2402
2392
2403
2398
2398
2398
2398
2399
2400
2400
2403
2402
2404
2399
2398
2394
2400
2404
2399
2397
2399
2396
2403
2400
2403
2403
2397
2401
2407
2403
2399
2397
2403
2398
2396
2400
2399
2400
2400
2402
2400
2403
2396
2395
2396
2399
2398
2396
2407
2400
2395
2399
2398
2396
2400
2402
2394
2395
2396
2398
2396
2405
2401
2400
2399
2398
2395
2396
2399
2398
2398
2399
2400
2400
2399
2396
2399
2397
2397
2396
2393
2397
2397
2398
2398
2397
2395
2395
2403
2400
2396
2398
2396
2399
2400
2402
2398
2395
2400
2398
2396
2392
2401
2396
2402
2398
2400
2400
2397
2396
2400
2401
2398
2397
2403
2398
2398
2398
2398
2401
2395
2399
2398
2401
2400
2398
2399
2396
2397
2396
2400
2400
2397
2399
2398
2400
2396
2401
2402
2396
2398
2401
2404
2399
2400
2399
2403
2402
2400
2396
2400
2400
2396
2406
2400
2403
2403
2399
2391
2398
2404
2403
2403
2404
2400
2401
2403
2405
2400
2400
2401
2399
2404
2398
2402
2402
2404
2398
2398
2400
2406
2392
2401
2401
2410
2401
2398
2400
2400
2403
2406
2398
2403
2403
2398
2398
2404
2401
2398
2403
2397
2401
2398
2395
2399
2396
2403
2398
2401
2400
2401
2401
2400
2399
2400
2403
2406
2399
2401
2400
2401
2406
2400
2399
2396
2402
2387
2399
2400
2400
2403
2396
2400
2398
2400
2399
2398
2399
2396
2395
2392
2401
2394
2396
2400
2399
2396
2401
2392
2396
2403
2401
2396
2401
2397
2399
2399
2399
2395
2392
2398
2398
2399
2402
2399
2399
2400
2398
2396
2398
2387
2400
2398
2398
2400
2399
2400
2396
2398
2390
2402
2401
2402
2396
2394
2400
2393
2395
2398
2402
2415
2400
2398
2396
2397
2396
2400
2400
2400
2396
2400
2399
2397
2402
2399
2399
2400
2400
2396
2402
2400
2403
2396
2400
2399
2403
2402
2400
2400
2402
2398
2409
2405
2401
2406
2409
2404
2392
2395
2396
2400
2406
2400
2403
2402
2411
2401
2407
2398
2400
2396
2399
2400
2402
2401
2400
2400
2404
2398
2399
2399
2400
2400
2397
2403
2404
2396
2399
2406
2400
2402
2400
2396
2397
2402
2395
2403
2396
2399
2399
2398
2403
2399
2399
2401
2396
2399
2403
2400
2399
2400
2396
2396
2399
2396
2401
2401
2407
2392
2396
2401
2400
2402
2397
2400
2403
2387
2400
2408
2398
2399
2402
2396
2399
2398
2398
2400
2398
2400
2400
2400
2407
2397
2400
2400
2398
2395
2399
2399
2397
2403
2400
2397
2404
2398
2399
2393
2396
2403
2390
2400
2403
2399
2392
2396
2400
2407
2392
2395
2396
2396
2392
2398
2395
2399
2400
2396
2402
2396
2398
2401
2400
2400
2396
2398
2401
2398
2397
2400
2395
2401
2399
2401
2398
2400
2398
2400
2396
2402
2399
2398
2400
2397
2397
2398
2400
2398
2400
2400
2398
2400
2400
2398
2396
2398
2403
2401
2401
2398
2403
2400
2404
2401
2401
2400
2407
2396
2405
2404
2404
2403
2400
2407
2400
2400
2402
2401
2403
2407
2398
2401
2401
2400
2402
2403
2401
2406
2405
2401
2407
2401
2401
2402
2398
2400
2403
2404
2403
2397
2401
2407
2399
2400
2403
2396
2400
2400
2401
2396
2403
2400
2398
2400
2400
2400
2396
2396
2396
2397
2403
2401
2398
2398
2400
2400
2402
2398
2401
2398
2400
2401
2390
2396
2400
2399
2396
2400
2403
2395
2398
2403
2400
2402
2394
2398
2397
2396
2400
2404
2395
2396
2401
2394
2403
2400
2399
2400
2403
2396
2396
2403
2400
2392
2394
2401
2395
2395
2396
2393
2397
2403
2400
2400
2399
2398
2396
2392
2395
2400
2402
2398
2396
2392
2400
2406
2398
2394
2399
2396
2404
2398
2394
2396
2412
2396
2393
2398
2398
2400
2395
2396
2396
2393
2392
2396
2394
2393
2392
2392
2401
2398
2398
2395
2398
2395
2399
2401
2401
2402
2403
2401
2400
2404
2400
2405
2396
2400
2391
2402
2398
2400
2396
2400
2398
2398
2396
2406
2400
2400
2400
2407
2399
2402
2400
2401
2399
2387
2401
2399
2400
2398
2399
2400
2399
2403
2400
2402
2396
2397
2404
2409
2400
2401
2400
2403
2403
2399
2401
2401
2403
2400
2392
2401
2401
2398
2403
2403
2393
2400
2404
2400
2400
2398
2400
2399
2400
2398
2402
2403
2399
2403
2399
2400
2399
2399
2408
2398
2396
2393
2398
2386
2396
2396
2400
2392
2407
2392
2403
2392
2396
2398
2394
2396
2396
2396
2392
2396
2402
2397
2396
2400
2394
2393
2398
2398
2399
2395
2396
2399
2400
2396
2396
2395
2401
2393
2403
2398
2396
2395
2398
2397
2396
2392
2401
2406
2396
2403
2400
2396
2400
2395
2393
2395
2402
2392
2400
2393
2399
2398
2395
2393
2396
2396
2393
2395
2391
2396
2401
2397
2395
2398
2396
2401
2387
2396
2398
2401
2400
2397
2391
2398
2393
2391
2394
2398
2398
2391
2395
2393
2399
2400
2398
2400
2403
2399
2399
2396
2398
2398
2396
2400
2407
2397
2398
2397
2395
2403
2408
2402
2409
2403
2393
2401
2406
2398
2402
2400
2400
2393
2402
2399
2401
2400
2398
2400
2400
2398
