- Wave Lab

- Experiment date = 2021-12-02 09:39:28
- Experiment duration = 15.45 s
- Number of samples in measure = 1
- Sampling period = 15448.10 us
- Sampling frequency = 64 Hz
- Samples count = 1000

- adc12bit
2268
2268
2268
2271
2270
2269
2269
2271
2272
2274
2278
2273
2275
2276
2272
2273
2275
2272
2274
2275
2273
2275
2275
2276
2277
2276
2272
2272
2272
2271
2273
2273
2275
2275
2276
2276
2272
2275
2276
2277
2275
2276
2272
2273
2275
2272
2273
2275
2275
2275
2275
2275
2275
2274
2272
2272
2272
2272
2272
2272
2273
2270
2272
2270
2271
2271
2268
2270
2270
2270
2268
2268
2265
2265
2262
2264
2261
2260
2257
2255
2254
2252
2248
2247
2243
2240
2236
2233
2225
2222
2215
2207
2200
2193
2190
2184
2183
2179
2177
2172
2168
2167
2163
2163
2163
2158
2158
2156
2153
2153
2151
2150
2148
2145
2143
2140
2138
2131
2129
2125
2121
2115
2107
2106
2100
2099
2091
2085
2082
2073
2068
2064
2056
2047
2044
2040
2029
2024
2016
2012
2003
1996
1990
1981
1973
1968
1960
1958
1949
1942
1939
1928
1923
1916
1912
1904
1898
1892
1886
1881
1871
1868
1859
1855
1850
1842
1836
1827
1824
1818
1815
1807
1803
1795
1792
1784
1776
1776
1771
1766
1760
1755
1747
1751
1739
1736
1731
1727
1722
1717
1710
1713
1704
1701
1696
1692
1685
1686
1678
1672
1668
1663
1659
1655
1651
1647
1641
1639
1631
1630
1624
1620
1619
1615
1612
1607
1600
1594
1591
1592
1587
1582
1577
1573
1569
1566
1563
1558
1553
1551
1547
1543
1539
1535
1529
1528
1527
1522
1518
1518
1514
1510
1508
1502
1502
1496
1496
1491
1487
1483
1486
1478
1477
1468
1472
1461
1464
1461
1457
1454
1452
1447
1445
1441
1438
1438
1435
1430
1428
1424
1427
1419
1417
1415
1411
1406
1404
1406
1401
1396
1393
1389
1388
1384
1380
1376
1379
1372
1371
1367
1371
1360
1361
1356
1356
1351
1351
1348
1344
1343
1338
1336
1331
1331
1330
1328
1326
1326
1324
1321
1312
1317
1311
1308
1309
1303
1299
1303
1297
1294
1292
1294
1287
1286
1279
1280
1277
1279
1273
1271
1268
1266
1265
1264
1261
1260
1258
1254
1253
1251
1247
1246
1246
1247
1244
1238
1236
1236
1235
1232
1233
1227
1229
1226
1223
1223
1220
1219
1219
1218
1216
1212
1215
1212
1208
1207
1207
1207
1205
1200
1201
1196
1199
1196
1197
1194
1194
1193
1187
1191
1190
1188
1192
1190
1188
1185
1185
1186
1188
1185
1186
1182
1182
1181
1184
1183
1181
1180
1176
1177
1178
1180
1180
1177
1176
1179
1176
1179
1179
1178
1176
1176
1177
1180
1183
1176
1174
1177
1175
1171
1174
1174
1171
1170
1171
1168
1166
1166
1167
1164
1163
1161
1159
1158
1156
1158
1156
1153
1155
1151
1148
1148
1143
1144
1140
1143
1138
1136
1136
1136
1134
1132
1131
1129
1127
1124
1123
1122
1118
1120
1116
1115
1116
1115
1108
1108
1107
1107
1103
1103
1103
1097
1099
1095
1094
1095
1091
1089
1088
1087
1084
1084
1084
1080
1079
1078
1075
1073
1073
1069
1068
1068
1064
1068
1063
1062
1057
1055
1055
1052
1053
1052
1048
1047
1044
1045
1042
1039
1039
1038
1039
1036
1036
1034
1030
1030
1027
1028
1024
1022
1023
1019
1019
1019
1016
1014
1014
1016
1011
1011
1009
1010
1004
1006
1000
1001
1001
1001
996
998
993
993
994
991
988
987
987
987
985
984
982
979
979
978
976
975
976
973
971
972
971
969
967
966
965
967
960
964
963
959
959
959
957
952
956
953
951
951
951
947
950
947
946
948
945
945
942
943
940
939
941
939
937
937
937
935
936
934
932
930
926
931
931
929
929
927
924
928
922
923
920
919
920
919
920
916
916
913
914
911
910
907
909
905
902
903
903
904
903
900
897
896
895
893
891
892
885
888
883
886
884
883
878
879
881
876
875
873
871
870
868
869
867
866
862
863
863
858
856
858
857
854
855
851
850
850
849
848
846
846
843
843
839
838
839
838
837
834
836
832
831
832
831
830
828
825
825
826
825
826
822
822
823
817
814
816
816
815
814
810
810
806
812
806
809
807
802
806
804
803
803
801
798
797
796
800
796
797
797
796
793
797
791
787
790
787
785
784
780
782
782
783
777
777
777
775
775
774
769
774
771
773
767
764
764
763
765
760
763
764
759
759
758
758
756
755
757
757
753
750
751
750
750
747
748
745
744
744
744
743
741
740
741
736
736
740
740
732
735
735
732
730
730
733
724
727
725
727
724
726
722
722
723
723
723
723
723
718
718
717
716
715
712
712
711
708
708
709
705
707
708
707
707
708
705
704
707
702
700
702
700
700
700
696
697
695
694
694
692
692
689
689
691
688
689
688
687
689
684
686
687
684
686
681
679
680
680
680
684
678
679
680
675
673
676
676
675
671
672
676
673
671
666
672
666
670
669
671
668
667
664
665
663
666
664
658
662
657
662
663
660
659
658
659
656
659
657
656
651
656
652
653
652
654
651
653
652
652
647
652
649
650
651
649
646
647
644
641
645
643
643
641
640
643
644
640
640
638
643
638
633
636
638
631
633
633
634
632
631
631
633
630
632
630
627
630
627
627
627
625
624
626
627
624
625
618
624
620
620
619
619
619
619
615
615
615
615
615
614
612
612
610
611
608
611
608
606
606
610
607
604
607
605
604
601
604
603
604
601
600
600
601
598
597
597
600
594
591
595
591
592
590
592
589
595
591
592
588
586
587
