- Wave Lab

- Experiment date = 2021-11-25 10:05:02
- Experiment duration = 15.44 s
- Number of samples in measure = 1
- Sampling period = 15437.36 us
- Sampling frequency = 64 Hz
- Samples count = 1000

- adc12bit
1279
1280
1283
1283
1276
1287
1281
1285
1285
1285
1283
1289
1287
1294
1291
1294
1299
1296
1297
1297
1303
1302
1304
1311
1308
1312
1310
1311
1313
1311
1313
1318
1314
1315
1320
1314
1314
1312
1310
1311
1310
1311
1305
1310
1307
1310
1305
1305
1302
1302
1300
1299
1302
1304
1303
1302
1303
1304
1302
1298
1304
1307
1302
1300
1303
1307
1305
1306
1302
1307
1309
1304
1300
1303
1306
1304
1306
1303
1300
1305
1304
1303
1299
1306
1297
1307
1303
1306
1302
1300
1299
1300
1298
1301
1294
1298
1295
1293
1300
1294
1296
1295
1297
1294
1296
1295
1294
1297
1292
1286
1295
1293
1292
1294
1292
1295
1293
1300
1294
1294
1297
1294
1291
1292
1293
1294
1292
1298
1298
1292
1289
1294
1289
1291
1290
1294
1290
1292
1296
1291
1297
1294
1290
1292
1287
1288
1289
1287
1285
1285
1285
1283
1287
1292
1291
1292
1286
1286
1285
1288
1285
1291
1287
1283
1280
1286
1283
1287
1278
1288
1287
1283
1287
1287
1285
1286
1289
1284
1286
1286
1283
1284
1284
1280
1280
1285
1283
1280
1283
1278
1281
1282
1283
1281
1280
1282
1280
1279
1278
1278
1278
1283
1277
1276
1280
1279
1279
1275
1275
1278
1278
1281
1270
1279
1276
1277
1278
1276
1279
1278
1273
1267
1278
1273
1278
1277
1273
1274
1276
1272
1271
1275
1268
1280
1269
1272
1268
1271
1275
1271
1273
1270
1267
1269
1274
1276
1272
1270
1271
1267
1270
1268
1269
1271
1263
1265
1268
1269
1266
1267
1271
1266
1264
1268
1265
1258
1264
1268
1264
1268
1265
1266
1265
1267
1264
1267
1261
1272
1264
1261
1269
1263
1260
1263
1264
1264
1261
1259
1262
1261
1260
1264
1260
1265
1262
1257
1261
1257
1260
1265
1256
1259
1265
1264
1262
1257
1260
1260
1263
1259
1265
1256
1245
1262
1265
1267
1259
1261
1260
1264
1260
1263
1256
1259
1260
1258
1260
1262
1260
1261
1262
1266
1261
1262
1266
1263
1262
1262
1262
1260
1261
1259
1264
1265
1267
1267
1267
1270
1267
1266
1272
1268
1267
1267
1269
1272
1270
1271
1275
1269
1275
1266
1276
1276
1273
1270
1272
1269
1275
1270
1272
1275
1274
1275
1272
1269
1275
1278
1272
1272
1273
1272
1270
1271
1272
1276
1274
1272
1276
1279
1274
1278
1272
1276
1278
1275
1279
1279
1279
1280
1282
1286
1279
1283
1287
1288
1281
1284
1289
1294
1289
1289
1295
1292
1283
1298
1303
1299
1302
1302
1303
1304
1308
1302
1308
1310
1304
1310
1307
1304
1308
1308
1308
1311
1310
1310
1307
1307
1300
1309
1305
1303
1303
1303
1303
1300
1303
1302
1298
1298
1292
1293
1300
1304
1298
1297
1299
1294
1299
1303
1300
1296
1295
1302
1298
1302
1301
1300
1297
1301
1306
1304
1299
1304
1302
1307
1301
1302
1301
1307
1299
1299
1301
1305
1303
1296
1298
1299
1298
1297
1294
1297
1294
1297
1296
1295
1294
1299
1296
1295
1295
1297
1295
1295
1292
1297
1290
1296
1299
1294
1293
1292
1295
1295
1294
1295
1300
1296
1294
1294
1295
1292
1297
1294
1297
1297
1292
1295
1296
1296
1292
1294
1294
1297
1295
1294
1297
1296
1292
1295
1293
1294
1293
1291
1294
1292
1292
1284
1286
1286
1278
1284
1297
1291
1287
1289
1288
1286
1287
1285
1292
1284
1284
1289
1287
1288
1289
1292
1288
1287
1288
1295
1295
1291
1284
1284
1291
1286
1284
1287
1289
1287
1283
1284
1288
1284
1280
1282
1285
1282
1284
1281
1283
1281
1283
1281
1281
1286
1283
1281
1284
1281
1281
1283
1285
1279
1283
1287
1284
1278
1281
1279
1280
1281
1279
1281
1276
1278
1279
1281
1276
1277
1279
1277
1276
1283
1276
1279
1276
1277
1279
1279
1276
1276
1280
1284
1277
1276
1274
1275
1276
1274
1275
1281
1276
1276
1272
1275
1272
1272
1274
1272
1272
1273
1272
1277
1272
1272
1269
1271
1270
1272
1272
1271
1268
1267
1276
1276
1274
1267
1270
1271
1268
1272
1271
1269
1270
1276
1267
1268
1275
1272
1266
1268
1271
1270
1272
1271
1274
1270
1268
1267
1272
1267
1266
1270
1268
1268
1271
1267
1273
1264
1267
1270
1264
1264
1266
1266
1270
1273
1263
1271
1264
1258
1264
1267
1263
1263
1267
1261
1263
1265
1258
1264
1260
1264
1264
1267
1262
1264
1259
1265
1267
1267
1265
1267
1266
1268
1265
1268
1266
1267
1263
1266
1266
1270
1260
1267
1265
1270
1268
1276
1264
1275
1272
1267
1270
1272
1271
1273
1272
1272
1272
1275
1272
1278
1278
1273
1270
1273
1272
1278
1273
1277
1278
1283
1271
1270
1277
1279
1276
1276
1277
1276
1279
1279
1283
1278
1280
1276
1278
1279
1281
1281
1281
1281
1283
1285
1285
1285
1289
1288
1283
1286
1287
1292
1288
1291
1290
1294
1294
1297
1288
1296
1294
1299
1296
1302
1300
1304
1300
1306
1310
1300
1310
1308
1302
1305
1303
1299
1303
1304
1302
1310
1306
1303
1304
1303
1302
1303
1300
1299
1301
1301
1300
1302
1297
1299
1300
1297
1297
1299
1297
1299
1296
1307
1295
1297
1298
1301
1298
1299
1299
1297
1299
1296
1299
1295
1305
1299
1296
1299
1300
1299
1300
1295
1299
1299
1294
1299
1300
1299
1297
1295
1299
1299
1297
1300
1295
1295
1295
1295
1302
1299
1293
1297
1295
1295
1295
1295
1295
1290
1295
1294
1296
1295
1291
1298
1297
1295
1296
1296
1295
1297
1298
1292
1296
1295
1297
1295
1297
1292
1297
1292
1295
1299
1297
1285
1293
1296
1296
1295
1293
1296
1296
1294
1297
1297
1295
1288
1291
1291
1292
1291
1294
1293
1292
1295
1287
1288
1294
1289
1287
1292
1291
1291
1288
1297
1288
1292
1294
1278
1287
1295
1288
1292
1288
1286
1286
1289
1287
1291
1287
1289
1289
1287
1287
1287
1288
1287
1291
1287
1283
1288
1281
1289
1290
1288
1287
1284
1286
1287
1288
1286
1285
1287
1283
1284
1284
1285
