- Wave Lab

- Experiment date = 2021-11-25 10:01:31
- Experiment duration = 10.46 s
- Number of samples in measure = 1
- Sampling period = 10459.99 us
- Sampling frequency = 95 Hz
- Samples count = 1000

- adc12bit
1839
1836
1836
1836
1839
1839
1836
1836
1840
1836
1838
1831
1835
1835
1838
1836
1836
1835
1840
1836
1835
1844
1838
1833
1839
1836
1839
1836
1835
1833
1831
1833
1832
1835
1829
1833
1835
1835
1835
1836
1835
1836
1833
1832
1839
1831
1838
1836
1836
1834
1834
1836
1834
1837
1835
1835
1832
1834
1832
1839
1836
1834
1836
1836
1833
1833
1835
1833
1831
1833
1834
1837
1836
1836
1836
1833
1836
1832
1835
1832
1835
1835
1832
1832
1836
1835
1830
1840
1840
1835
1833
1832
1836
1840
1838
1832
1828
1841
1838
1836
1834
1834
1835
1833
1832
1838
1841
1832
1836
1836
1832
1833
1836
1837
1833
1836
1831
1832
1835
1833
1832
1834
1833
1835
1835
1832
1841
1832
1832
1837
1833
1836
1836
1831
1832
1832
1835
1831
1833
1835
1837
1833
1838
1831
1834
1835
1834
1834
1836
1833
1838
1830
1840
1843
1831
1831
1838
1835
1834
1836
1836
1835
1833
1836
1834
1837
1838
1831
1837
1837
1835
1830
1835
1835
1840
1835
1835
1836
1833
1831
1835
1835
1829
1833
1834
1836
1830
1835
1832
1840
1832
1831
1835
1836
1835
1835
1834
1836
1836
1836
1838
1833
1832
1836
1834
1838
1832
1836
1831
1835
1831
1838
1835
1831
1833
1835
1833
1835
1832
1835
1831
1838
1831
1833
1830
1836
1831
1836
1835
1835
1835
1836
1840
1832
1840
1834
1831
1833
1834
1835
1832
1835
1838
1835
1831
1836
1835
1832
1832
1831
1836
1838
1836
1833
1835
1827
1841
1832
1834
1836
1833
1835
1834
1835
1829
1836
1838
1836
1833
1832
1831
1833
1836
1836
1833
1835
1834
1836
1828
1835
1835
1835
1833
1835
1834
1835
1839
1838
1834
1832
1835
1834
1836
1833
1836
1836
1835
1835
1832
1827
1830
1833
1838
1834
1833
1835
1835
1835
1831
1834
1842
1835
1833
1831
1836
1834
1838
1834
1834
1833
1836
1834
1837
1834
1834
1834
1830
1829
1836
1835
1834
1835
1833
1833
1831
1833
1830
1836
1832
1839
1835
1833
1830
1837
1836
1832
1834
1836
1838
1840
1839
1836
1832
1835
1835
1835
1834
1835
1831
1836
1828
1832
1833
1830
1838
1833
1831
1831
1833
1832
1835
1840
1831
1833
1835
1834
1835
1836
1835
1833
1833
1835
1832
1830
1836
1835
1836
1833
1834
1831
1832
1838
1836
1835
1836
1833
1832
1837
1836
1836
1836
1833
1832
1836
1833
1835
1841
1833
1836
1832
1836
1836
1835
1836
1833
1837
1836
1839
1833
1834
1831
1841
1836
1835
1839
1836
1836
1834
1837
1839
1836
1835
1836
1836
1837
1837
1842
1836
1833
1838
1836
1836
1835
1839
1836
1835
1835
1836
1836
1836
1835
1835
1836
1834
1840
1836
1837
1839
1833
1836
1836
1833
1839
1839
1831
1831
1835
1836
1836
1836
1835
1833
1838
1835
1835
1836
1835
1836
1836
1837
1834
1828
1835
1832
1834
1830
1831
1833
1835
1836
1832
1836
1835
1836
1835
1831
1834
1833
1836
1832
1835
1835
1836
1835
1840
1833
1834
1834
1837
1833
1831
1835
1835
1835
1835
1836
1834
1843
1838
1832
1828
1837
1836
1834
1835
1836
1833
1835
1839
1838
1834
1836
1834
1838
1835
1836
1833
1836
1837
1835
1833
1832
1837
1838
1833
1835
1831
1835
1832
1834
1836
1832
1833
1836
1840
1836
1836
1839
1832
1836
1835
1836
1837
1834
1836
1832
1839
1836
1831
1838
1839
1831
1833
1840
1836
1835
1836
1833
1836
1835
1836
1834
1837
1836
1833
1839
1840
1832
1836
1838
1831
1833
1835
1837
1836
1831
1831
1836
1834
1832
1835
1836
1833
1835
1838
1828
1838
1830
1838
1836
1836
1833
1835
1839
1834
1836
1834
1831
1832
1837
1836
1836
1839
1834
1835
1831
1835
1830
1836
1831
1827
1832
1835
1835
1832
1835
1833
1835
1834
1831
1833
1836
1840
1832
1833
1836
1835
1839
1835
1838
1836
1833
1838
1836
1836
1838
1833
1838
1841
1839
1836
1832
1841
1839
1837
1836
1836
1838
1835
1838
1836
1838
1836
1836
1836
1838
1839
1839
1831
1835
1832
1835
1836
1835
1837
1835
1834
1835
1836
1839
1838
1840
1833
1833
1833
1835
1835
1834
1836
1834
1836
1829
1831
1839
1839
1836
1835
1833
1835
1835
1835
1835
1833
1835
1839
1835
1836
1836
1836
1835
1835
1835
1833
1833
1831
1832
1840
1835
1835
1832
1841
1836
1834
1836
1836
1834
1828
1828
1832
1839
1834
1836
1836
1836
1833
1835
1833
1831
1840
1836
1834
1839
1836
1832
1832
1832
1832
1835
1831
1836
1832
1840
1840
1832
1836
1835
1831
1832
1835
1837
1833
1836
1830
1836
1835
1831
1838
1838
1835
1837
1835
1836
1832
1839
1832
1836
1840
1837
1836
1834
1836
1835
1836
1833
1839
1832
1835
1836
1836
1837
1837
1833
1835
1833
1835
1836
1831
1841
1833
1833
1835
1836
1836
1833
1837
1840
1833
1835
1836
1836
1834
1839
1837
1839
1833
1835
1836
1836
1834
1836
1841
1838
1840
1836
1835
1838
1836
1836
1833
1835
1837
1838
1833
1827
1840
1840
1838
1836
1835
1836
1836
1834
1839
1843
1837
1836
1837
1836
1835
1836
1841
1840
1831
1841
1838
1836
1839
1840
1834
1831
1835
1841
1839
1837
1840
1840
1838
1840
1838
1836
1836
1836
1836
1837
1836
1831
1840
1832
1836
1841
1840
1833
1833
1833
1836
1838
1839
1841
1839
1839
1836
1835
1836
1836
1834
1836
1837
1834
1840
1836
1838
1840
1836
1836
1835
1833
1832
1838
1840
1835
1840
1837
1830
1834
1836
1836
1834
1836
1835
1836
1841
1835
1838
1833
1833
1838
1837
1836
1833
1837
1841
1835
1840
1841
1839
1838
1835
1831
1836
1835
1835
1836
1836
1834
1836
1843
1835
1833
1833
1836
1836
1838
1838
1836
1834
1831
1832
1831
1836
1835
1836
1835
1836
1835
1833
1831
1841
1839
1836
1832
1838
1839
1836
1834
1836
1834
1836
1836
1833
1838
1839
1835
1836
1836
1838
1832
1836
1835
1831
1843
