- Wave Lab

- Experiment date = 2021-12-02 09:31:14
- Experiment duration = 15.44 s
- Number of samples in measure = 1
- Sampling period = 15435.84 us
- Sampling frequency = 64 Hz
- Samples count = 1000

- adc12bit
1596
1600
1600
1598
1598
1598
1600
1598
1592
1595
1594
1590
1592
1592
1592
1595
1595
1598
1596
1596
1596
1595
1596
1594
1591
1592
1595
1594
1596
1595
1595
1597
1595
1598
1596
1594
1592
1596
1594
1599
1596
1594
1594
1594
1592
1594
1592
1594
1594
1593
1592
1596
1595
1596
1593
1596
1592
1594
1592
1595
1596
1599
1592
1596
1597
1592
1598
1595
1598
1598
1595
1595
1594
1593
1595
1593
1596
1596
1596
1596
1596
1598
1595
1596
1596
1597
1596
1596
1596
1596
1596
1596
1599
1598
1592
1599
1599
1596
1598
1599
1599
1599
1600
1600
1600
1600
1598
1600
1598
1599
1599
1598
1597
1599
1597
1598
1596
1596
1598
1595
1596
1598
1596
1596
1596
1595
1595
1592
1598
1594
1595
1594
1592
1592
1591
1591
1588
1584
1584
1585
1588
1584
1583
1580
1579
1579
1576
1573
1571
1567
1565
1565
1560
1559
1557
1551
1545
1545
1540
1540
1537
1532
1531
1522
1520
1518
1516
1509
1508
1500
1499
1496
1491
1487
1478
1478
1473
1467
1464
1459
1456
1452
1447
1448
1439
1436
1426
1423
1420
1418
1414
1408
1404
1398
1399
1390
1385
1383
1380
1377
1372
1367
1361
1359
1353
1351
1346
1342
1339
1335
1332
1324
1323
1320
1315
1310
1310
1304
1300
1293
1289
1289
1283
1282
1278
1275
1271
1267
1264
1259
1255
1253
1250
1246
1241
1240
1235
1232
1229
1224
1221
1220
1212
1212
1207
1205
1201
1199
1194
1193
1192
1187
1187
1182
1180
1175
1172
1171
1168
1165
1160
1159
1158
1153
1153
1148
1147
1144
1143
1139
1131
1134
1130
1127
1125
1119
1120
1112
1116
1113
1112
1112
1107
1102
1106
1101
1100
1097
1091
1088
1087
1083
1083
1081
1079
1076
1073
1071
1070
1063
1066
1065
1060
1057
1055
1053
1051
1052
1047
1045
1043
1039
1038
1035
1030
1027
1027
1027
1024
1022
1019
1017
1018
1012
1008
1011
1006
1003
1003
1001
997
995
994
992
992
987
987
982
982
979
976
972
974
973
969
971
968
963
964
960
959
956
956
954
956
953
946
945
943
942
940
936
936
934
931
928
927
928
927
921
923
916
916
918
915
912
913
911
909
908
907
905
897
904
902
904
899
898
896
896
895
888
889
885
888
887
883
886
883
881
880
876
875
875
871
869
869
870
868
871
864
864
864
863
863
860
863
861
863
860
860
855
856
853
854
853
855
850
850
847
848
848
846
847
842
846
847
843
841
841
843
839
839
839
835
838
836
835
837
835
835
831
827
824
828
827
829
832
828
827
824
826
824
822
824
824
825
820
820
819
818
816
817
819
814
816
816
814
812
812
812
810
811
809
807
808
811
804
808
806
807
803
806
803
804
803
803
802
800
800
801
798
796
798
794
799
796
797
795
795
793
788
791
792
788
791
788
788
787
787
789
787
790
782
780
787
782
781
783
782
779
779
777
780
776
779
776
775
774
772
772
769
768
768
769
764
766
766
764
763
760
763
763
760
760
758
759
755
756
755
755
751
753
752
753
750
748
750
747
750
747
746
746
745
744
743
743
742
739
741
737
738
735
735
739
734
735
734
733
736
734
730
727
729
729
727
726
730
728
726
726
723
723
724
723
724
718
720
719
719
716
720
718
715
714
718
716
711
711
712
710
713
711
707
704
707
704
705
704
704
702
704
704
701
704
699
699
698
697
699
695
696
697
694
693
691
695
689
690
692
689
688
687
687
687
688
688
686
682
681
683
679
679
681
679
680
680
678
678
677
678
676
675
671
676
672
672
671
671
670
671
665
663
664
665
660
662
664
662
662
659
655
654
655
654
657
654
651
652
651
649
648
647
652
651
643
644
641
642
644
641
642
639
641
638
636
638
633
634
632
631
632
632
633
632
630
626
629
628
626
624
631
624
623
623
622
622
618
619
624
617
617
618
615
614
616
612
612
607
610
609
609
611
605
606
604
606
601
603
600
602
600
603
599
601
598
596
597
595
593
593
592
593
589
590
590
591
586
588
588
588
587
586
584
584
583
583
579
581
581
577
577
580
575
576
575
572
575
574
579
572
574
566
571
568
566
568
568
563
568
562
565
560
561
563
563
562
560
560
560
556
555
556
556
557
551
556
556
554
551
551
552
549
548
547
551
546
549
549
547
547
545
545
543
545
543
544
540
540
539
540
543
537
537
540
532
537
532
533
534
535
534
530
531
528
529
531
528
526
528
527
526
526
526
524
523
524
525
521
520
520
521
521
520
520
518
516
516
516
513
516
513
515
513
512
512
510
511
512
510
507
507
512
511
507
508
507
507
507
502
504
503
504
504
502
505
503
499
502
499
497
496
497
497
496
497
495
494
494
495
496
496
494
493
491
492
491
492
491
489
488
489
487
487
491
487
487
490
483
485
485
486
485
483
483
484
483
483
482
481
480
479
480
477
481
481
478
479
475
481
481
476
478
473
473
475
477
474
472
476
469
475
472
471
468
469
470
468
464
468
467
469
467
468
466
469
461
466
463
464
