- Wave Lab

- Experiment date = 2021-11-25 10:06:49
- Experiment duration = 15.45 s
- Number of samples in measure = 1
- Sampling period = 15445.41 us
- Sampling frequency = 64 Hz
- Samples count = 1000

- adc12bit
2076
2076
2080
2083
2081
2072
2073
2074
2084
2077
2077
2077
2078
2079
2080
2083
2080
2073
2081
2081
2080
2085
2079
2083
2080
2084
2083
2083
2081
2081
2089
2083
2086
2084
2084
2086
2086
2083
2087
2082
2085
2082
2085
2081
2079
2079
2079
2081
2080
2076
2079
2080
2079
2077
2079
2080
2079
2080
2080
2075
2079
2076
2075
2076
2079
2076
2076
2067
2076
2075
2072
2075
2075
2076
2079
2075
2079
2081
2079
2081
2076
2076
2083
2080
2080
2080
2078
2079
2079
2079
2079
2075
2076
2076
2074
2073
2078
2079
2076
2076
2076
2075
2071
2080
2078
2076
2080
2075
2074
2075
2075
2070
2072
2077
2073
2072
2071
2070
2071
2069
2069
2068
2063
2070
2065
2067
2068
2065
2060
2065
2067
2064
2065
2060
2065
2063
2063
2062
2065
2062
2064
2063
2062
2063
2065
2062
2063
2058
2060
2068
2064
2063
2063
2063
2063
2065
2065
2065
2067
2062
2062
2064
2067
2070
2066
2072
2067
2068
2070
2070
2075
2067
2071
2070
2072
2070
2069
2071
2068
2072
2072
2075
2073
2074
2069
2078
2076
2075
2076
2080
2080
2077
2084
2076
2073
2079
2072
2077
2076
2076
2078
2078
2076
2079
2080
2072
2073
2075
2075
2079
2079
2082
2078
2076
2079
2079
2076
2079
2079
2076
2075
2074
2076
2075
2072
2075
2075
2074
2070
2079
2074
2073
2072
2075
2073
2073
2076
2078
2081
2071
2076
2080
2072
2077
2075
2076
2072
2072
2075
2075
2076
2077
2076
2081
2080
2083
2081
2084
2084
2080
2086
2078
2079
2083
2080
2076
2085
2083
2076
2083
2076
2082
2082
2083
2082
2083
2083
2081
2078
2082
2079
2084
2083
2079
2078
2079
2077
2079
2081
2079
2080
2079
2079
2081
2079
2079
2076
2079
2076
2077
2079
2079
2077
2077
2076
2079
2078
2079
2074
2075
2076
2078
2075
2074
2076
2077
2076
2071
2074
2080
2080
2079
2076
2079
2076
2079
2076
2077
2078
2075
2074
2079
2075
2078
2079
2076
2075
2076
2073
2072
2076
2077
2070
2070
2065
2076
2074
2073
2076
2075
2070
2073
2074
2073
2066
2070
2073
2075
2073
2076
2070
2070
2068
2068
2067
2064
2065
2071
2071
2065
2067
2065
2067
2065
2065
2065
2064
2066
2071
2060
2065
2067
2063
2065
2064
2063
2063
2066
2062
2065
2067
2063
2069
2063
2064
2063
2065
2063
2065
2067
2067
2067
2058
2064
2070
2067
2067
2069
2070
2076
2072
2067
2069
2072
2074
2072
2072
2078
2072
2072
2072
2073
2077
2073
2076
2076
2072
2073
2079
2072
2076
2073
2081
2076
2074
2078
2079
2078
2078
2076
2076
2077
2075
2079
2080
2077
2076
2076
2078
2073
2075
2079
2075
2078
2077
2075
2076
2078
2079
2076
2077
2079
2080
2076
2075
2076
2072
2072
2076
2072
2078
2071
2071
2072
2076
2075
2072
2072
2070
2076
2079
2074
2077
2073
2074
2075
2076
2076
2076
2076
2081
2079
2079
2078
2081
2080
2078
2080
2079
2079
2079
2079
2080
2079
2081
2080
2079
2081
2082
2081
2086
2082
2079
2082
2080
2079
2085
2084
2079
2083
2080
2078
2079
2080
2079
2081
2086
2078
2072
2081
2077
2079
2073
2076
2078
2078
2079
2081
2078
2075
2073
2077
2078
2078
2078
2079
2075
2075
2079
2079
2075
2076
2074
2075
2070
2075
2073
2073
2076
2073
2078
2078
2074
2075
2076
2070
2076
2074
2075
2072
2074
2074
2074
2076
2076
2076
2073
2075
2075
2076
2076
2071
2075
2077
2071
2070
2072
2078
2072
2075
2072
2069
2072
2072
2070
2075
2067
2067
2075
2071
2069
2068
2070
2067
2068
2068
2068
2065
2068
2068
2067
2063
2066
2067
2065
2064
2066
2063
2065
2067
2064
2065
2066
2064
2062
2064
2067
2066
2067
2062
2068
2063
2067
2064
2067
2067
2067
2067
2061
2063
2067
2067
2068
2070
2064
2071
2075
2070
2070
2073
2068
2074
2070
2068
2071
2066
2071
2073
2070
2073
2077
2076
2068
2074
2072
2075
2073
2078
2074
2079
2073
2073
2073
2074
2077
2076
2076
2079
2076
2076
2079
2071
2079
2080
2071
2079
2077
2078
2081
2076
2078
2074
2076
2078
2076
2073
2079
2075
2076
2075
2076
2077
2076
2078
2076
2073
2078
2071
2070
2077
2076
2074
2071
2076
2073
2072
2071
2073
2076
2067
2076
2072
2075
2074
2076
2076
2076
2077
2080
2079
2076
2073
2081
2075
2076
2078
2078
2077
2079
2075
2077
2076
2076
2079
2076
2079
2077
2079
2080
2079
2079
2072
2081
2082
2080
2082
2080
2082
2076
2080
2080
2079
2079
2081
2081
2080
2078
2080
2079
2078
2076
2076
2075
2076
2077
2076
2077
2076
2076
2075
2076
2076
2072
2076
2073
2074
2078
2076
2075
2076
2072
2076
2073
2075
2073
2072
2073
2075
2071
2078
2078
2075
2073
2072
2076
2078
2073
2073
2073
2077
2072
2079
2075
2071
2072
2076
2073
2072
2076
2072
2073
2078
2071
2072
2072
2071
2072
2071
2073
2073
2073
2070
2068
2072
2069
2071
2069
2070
2068
2068
2069
2070
2072
2067
2072
2069
2066
2068
2067
2067
2065
2067
2065
2068
2068
2072
2065
2067
2066
2064
2067
2067
2067
2062
2065
2056
2064
2066
2066
2066
2065
2064
2066
2067
2070
2067
2072
2067
2068
2067
2068
2072
2067
2067
2068
2071
2068
2068
2067
2070
2071
2070
2072
2071
2073
2069
2079
2080
2071
2076
2072
2072
2075
2072
2073
2073
2073
2073
2076
2073
2078
2074
2072
2070
2075
2075
2076
2076
2071
2077
2076
2078
2079
2080
2078
2079
2078
2079
2079
2076
2076
2076
2080
2078
2075
2076
2079
2076
2077
2076
2076
2072
2073
2074
2076
2077
2074
2076
2075
2075
2075
2076
2076
2072
2067
2066
2072
2081
2079
2074
2077
2076
2074
2076
2072
2076
2073
2076
2074
2074
2078
2073
2076
2078
2077
2079
2078
2080
2075
2078
2083
2079
2081
2079
2078
2079
2079
2077
2082
2076
2076
2078
2080
2076
2079
2079
2079
2080
2075
2079
