- Wave Lab

- Experiment date = 2021-11-25 10:09:27
- Experiment duration = 10.45 s
- Number of samples in measure = 1
- Sampling period = 10451.89 us
- Sampling frequency = 95 Hz
- Samples count = 1000

- adc12bit
2307
2304
2305
2308
2306
2307
2306
2307
2303
2308
2305
2307
2310
2307
2304
2307
2307
2307
2311
2304
2310
2307
2310
2307
2308
2305
2307
2307
2307
2308
2311
2308
2302
2311
2310
2305
2313
2306
2307
2309
2310
2308
2311
2309
2307
2308
2312
2310
2310
2310
2310
2312
2312
2311
2310
2309
2311
2309
2309
2312
2311
2310
2310
2312
2312
2313
2312
2313
2312
2311
2312
2312
2315
2315
2316
2313
2316
2318
2313
2315
2318
2312
2316
2317
2317
2318
2317
2314
2319
2318
2314
2318
2319
2323
2317
2313
2320
2320
2316
2320
2315
2323
2319
2318
2323
2318
2318
2321
2316
2316
2317
2317
2320
2316
2318
2316
2320
2316
2315
2314
2316
2316
2313
2317
2316
2313
2318
2316
2315
2316
2316
2315
2319
2316
2311
2312
2318
2313
2311
2313
2315
2310
2315
2310
2315
2311
2311
2311
2312
2313
2313
2312
2312
2313
2312
2315
2310
2308
2312
2312
2310
2310
2310
2307
2310
2312
2312
2313
2312
2308
2310
2310
2311
2304
2308
2306
2310
2311
2308
2311
2303
2310
2308
2307
2307
2307
2307
2312
2308
2309
2307
2312
2308
2308
2307
2307
2306
2312
2307
2313
2303
2307
2311
2308
2306
2310
2310
2309
2304
2307
2305
2307
2312
2310
2303
2307
2309
2309
2307
2307
2314
2302
2311
2309
2310
2309
2304
2309
2307
2305
2309
2303
2307
2311
2304
2304
2306
2303
2304
2305
2305
2304
2306
2305
2304
2307
2307
2304
2307
2305
2303
2304
2305
2304
2304
2303
2304
2302
2302
2299
2307
2304
2303
2307
2304
2296
2308
2307
2303
2302
2304
2305
2308
2307
2303
2307
2307
2307
2303
2302
2304
2311
2303
2307
2305
2302
2305
2304
2305
2305
2301
2303
2305
2301
2300
2305
2303
2305
2303
2306
2304
2304
2308
2307
2305
2303
2300
2305
2304
2307
2305
2304
2305
2305
2307
2303
2307
2306
2303
2305
2304
2302
2305
2307
2304
2303
2303
2303
2305
2307
2305
2308
2306
2308
2304
2308
2303
2303
2304
2305
2305
2307
2310
2307
2308
2309
2308
2308
2308
2311
2311
2309
2308
2311
2310
2310
2308
2303
2308
2308
2304
2309
2311
2311
2305
2311
2311
2315
2307
2312
2310
2311
2311
2309
2311
2311
2312
2312
2308
2315
2316
2316
2311
2311
2314
2316
2308
2313
2314
2316
2319
2316
2311
2310
2313
2316
2316
2313
2314
2316
2316
2316
2316
2319
2316
2316
2317
2313
2313
2313
2313
2317
2311
2317
2313
2316
2315
2316
2317
2313
2314
2312
2315
2315
2316
2317
2313
2319
2315
2313
2313
2315
2311
2311
2313
2308
2316
2315
2312
2313
2311
2314
2312
2311
2316
2313
2316
2312
2311
2312
2314
2312
2307
2311
2313
2312
2312
2308
2312
2309
2307
2310
2308
2308
2307
2311
2305
2310
2304
2308
2303
2308
2307
2304
2307
2310
2304
2305
2304
2303
2296
2305
2310
2315
2311
2309
2307
2310
2311
2310
2305
2304
2307
2303
2310
2304
2312
2305
2303
2307
2307
2311
2305
2311
2303
2302
2310
2306
2307
2307
2307
2308
2310
2305
2308
2304
2301
2310
2306
2305
2307
2304
2306
2307
2309
2305
2309
2306
2300
2307
2302
2304
2305
2307
2307
2303
2304
2309
2303
2309
2300
2302
2305
2307
2307
2304
2303
2304
2303
2302
2304
2300
2301
2297
2303
2306
2304
2307
2303
2304
2304
2310
2306
2300
2308
2307
2304
2303
2304
2304
2307
2303
2302
2300
2308
2304
2307
2301
2303
2303
2304
2298
2304
2300
2300
2303
2300
2299
2306
2297
2311
2300
2301
2304
2302
2302
2301
2302
2303
2300
2303
2306
2302
2302
2300
2305
2304
2303
2297
2301
2302
2303
2303
2305
2305
2302
2304
2307
2307
2304
2301
2307
2298
2304
2304
2308
2304
2312
2310
2304
2305
2303
2307
2304
2308
2306
2304
2305
2305
2308
2307
2305
2304
2306
2306
2309
2308
2307
2305
2304
2308
2305
2308
2307
2310
2302
2308
2308
2310
2307
2303
2304
2306
2306
2311
2310
2303
2305
2311
2305
2308
2307
2307
2306
2305
2303
2307
2305
2307
2310
2310
2308
2311
2310
2310
2309
2313
2308
2312
2311
2314
2312
2311
2310
2317
2305
2311
2308
2312
2311
2312
2316
2312
2310
2316
2315
2304
2315
2312
2313
2314
2316
2310
2308
2316
2312
2312
2310
2315
2313
2312
2316
2313
2312
2314
2311
2312
2315
2315
2310
2315
2316
2313
2314
2308
2310
2314
2311
2312
2313
2311
2308
2311
2315
2312
2315
2309
2312
2311
2310
2315
2313
2308
2310
2311
2311
2311
2307
2311
2307
2308
2311
2313
2309
2313
2307
2311
2312
2310
2307
2313
2305
2307
2303
2308
2310
2305
2306
2308
2304
2303
2307
2304
2307
2307
2307
2310
2304
2307
2310
2304
2307
2305
2302
2303
2304
2304
2299
2303
2303
2305
2302
2304
2300
2307
2305
2304
2300
2302
2307
2308
2301
2302
2307
2304
2307
2303
2300
2304
2304
2307
2308
2304
2304
2305
2302
2307
2306
2309
2304
2300
2307
2307
2303
2305
2308
2303
2304
2304
2307
2305
2303
2307
2307
2303
2304
2303
2305
2302
2303
2305
2306
2303
2300
2308
2307
2303
2300
2303
2301
2301
2307
2305
2302
2303
2304
2303
2303
2304
2303
2308
2303
2299
2303
2305
2300
2305
2300
2302
2302
2301
2300
2303
2301
2304
2300
2303
2300
2302
2297
2300
2301
2299
2301
2306
2303
2303
2305
2302
2303
2301
2295
2302
2308
2300
2302
2298
2307
2307
2304
2301
2300
2305
2300
2302
2299
2298
2302
2301
2305
2302
2303
2304
2303
2301
2297
2304
2304
2303
2307
2304
2303
2302
2303
2300
2301
2304
2304
2305
2307
2303
2307
2300
2305
2305
2307
2301
2307
2302
2306
2304
2305
2307
2304
2303
2302
2305
2304
2304
2304
2303
2311
2303
2307
2311
2303
2305
2303
2308
2307
2308
2310
2308
2305
2305
2304
2305
2306
2304
2308
2305
2306
2307
2307
2305
2303
2307
2306
2310
2312
2305
2305
2304
2309
2307
2312
2307
2312
2310
2304
