- Wave Lab

- Experiment date = 2021-11-25 10:16:18
- Experiment duration = 15.44 s
- Number of samples in measure = 1
- Sampling period = 15439.16 us
- Sampling frequency = 64 Hz
- Samples count = 1000

- adc12bit
1843
1847
1833
1823
1816
1817
1813
1809
1801
1796
1785
1791
1784
1774
1769
1763
1766
1749
1749
1761
1741
1741
1727
1728
1726
1710
1708
1715
1699
1703
1695
1695
1692
1681
1688
1680
1676
1676
1667
1662
1663
1658
1651
1662
1648
1643
1632
1639
1635
1630
1617
1617
1624
1615
1612
1606
1602
1600
1593
1591
1589
1580
1580
1592
1570
1569
1566
1567
1552
1551
1556
1550
1547
1536
1536
1534
1532
1533
1519
1520
1516
1516
1512
1516
1504
1507
1495
1496
1499
1494
1491
1488
1480
1476
1475
1471
1474
1462
1480
1457
1457
1456
1454
1448
1443
1436
1439
1437
1433
1436
1422
1427
1428
1415
1415
1416
1409
1413
1408
1403
1405
1408
1390
1391
1396
1386
1379
1379
1378
1386
1381
1378
1366
1364
1369
1367
1358
1360
1350
1355
1356
1342
1345
1346
1339
1345
1340
1336
1325
1328
1327
1327
1318
1333
1321
1317
1314
1318
1311
1308
1304
1301
1298
1305
1300
1299
1288
1288
1297
1290
1289
1291
1285
1290
1280
1275
1279
1272
1275
1281
1272
1261
1264
1265
1269
1261
1263
1257
1239
1260
1255
1248
1252
1254
1244
1249
1241
1230
1239
1235
1233
1236
1237
1233
1230
1228
1231
1224
1223
1222
1219
1222
1227
1214
1219
1207
1216
1206
1208
1203
1200
1199
1197
1191
1204
1198
1196
1196
1183
1193
1180
1188
1193
1183
1182
1179
1171
1177
1177
1171
1171
1172
1176
1176
1166
1158
1161
1161
1159
1158
1148
1149
1151
1149
1142
1143
1140
1141
1136
1129
1132
1112
1132
1134
1121
1122
1125
1123
1116
1110
1118
1111
1112
1110
1104
1103
1100
1100
1103
1093
1091
1093
1092
1087
1081
1082
1078
1082
1080
1076
1074
1068
1065
1076
1064
1068
1059
1065
1055
1052
1049
1048
1052
1047
1045
1042
1043
1042
1034
1046
1032
1034
1028
1030
1032
1027
1023
1024
1017
1021
1024
1022
1020
1019
1011
1016
1017
1008
1023
996
1008
1013
1004
1001
1012
1008
1009
1007
1005
1002
1004
998
1008
1000
998
997
994
992
997
993
992
990
988
992
982
985
985
984
985
977
979
973
964
964
976
962
961
964
964
958
956
953
950
958
944
930
937
943
939
940
931
944
932
931
926
929
927
926
912
921
914
916
915
910
904
912
906
905
902
907
900
896
900
891
892
890
897
887
889
881
884
881
883
881
876
884
876
871
873
873
865
870
871
867
877
867
864
866
862
863
863
856
853
851
862
851
850
845
839
840
838
841
839
835
837
841
831
834
835
826
829
835
832
828
819
821
820
814
822
816
816
815
819
807
817
817
810
817
807
823
810
811
812
807
803
806
808
806
804
803
791
797
800
792
792
794
795
788
793
791
786
783
787
782
775
779
779
785
776
780
779
783
771
775
771
769
779
766
775
776
775
781
769
765
768
767
769
769
769
767
773
761
760
764
768
758
765
758
760
752
757
758
754
749
754
748
751
748
756
747
747
751
748
748
748
745
740
734
738
742
740
742
736
736
737
728
732
740
732
731
730
732
732
729
727
731
720
721
721
725
724
718
723
713
719
716
718
719
715
713
708
712
712
704
716
707
707
705
703
700
703
704
714
700
702
697
698
695
691
696
694
696
699
688
692
688
692
691
692
691
688
688
679
686
686
687
687
681
680
683
680
674
678
678
671
672
679
672
668
669
663
669
671
663
660
668
659
661
659
651
665
664
656
660
656
651
670
652
656
654
659
649
652
654
649
640
645
658
644
644
643
647
643
648
645
643
640
642
636
641
638
641
633
633
635
633
631
632
632
647
630
621
633
630
630
630
624
629
622
619
635
617
616
614
611
619
619
614
612
616
612
608
611
615
608
618
605
609
609
604
614
606
606
608
609
603
601
600
607
607
603
594
594
607
600
596
593
598
593
591
592
582
596
590
585
588
584
592
588
579
588
580
577
590
577
583
579
582
577
579
578
579
583
572
571
569
574
571
571
571
564
572
576
571
569
570
564
572
569
567
577
561
561
561
563
563
567
553
556
565
558
554
554
560
552
555
558
551
555
570
551
553
547
549
544
551
551
551
547
546
542
543
554
551
542
536
539
533
534
535
534
537
533
528
534
536
535
533
528
531
531
537
542
525
533
529
531
524
533
528
532
527
521
525
531
521
530
531
522
523
525
525
520
526
518
515
531
514
510
516
524
515
518
516
513
511
511
513
506
506
510
510
510
505
504
512
503
506
515
513
499
508
508
501
499
504
505
499
500
503
494
497
495
508
508
496
497
495
499
499
495
494
491
492
494
492
488
484
491
489
491
487
487
486
486
483
486
485
480
483
481
483
483
484
481
479
477
480
475
482
473
476
488
479
480
476
471
475
479
478
473
472
472
472
468
473
473
477
474
472
472
473
473
469
472
467
474
468
469
465
468
467
471
467
463
461
464
464
463
464
459
464
457
458
460
460
451
451
459
462
457
461
454
456
463
451
457
454
452
451
454
455
447
446
463
452
450
448
447
451
446
453
447
450
448
449
441
440
440
448
