- Wave Lab

- Experiment date = 2021-11-25 10:10:55
- Experiment duration = 15.45 s
- Number of samples in measure = 1
- Sampling period = 15450.35 us
- Sampling frequency = 64 Hz
- Samples count = 1000

- adc12bit
693
696
690
686
696
683
688
688
693
686
683
689
679
689
688
684
680
681
677
678
680
681
688
673
669
686
678
673
671
665
678
672
664
667
672
664
661
656
663
665
658
667
660
655
641
660
661
649
651
657
648
646
646
649
643
643
650
644
647
641
641
637
640
641
640
636
635
640
632
632
638
634
636
636
632
629
631
622
633
637
628
625
623
627
628
622
623
626
616
614
622
618
614
615
612
619
615
612
612
613
615
607
607
602
605
611
601
609
603
603
605
599
605
601
601
603
595
601
591
598
595
602
595
595
597
595
590
587
587
585
590
583
590
587
585
585
588
585
585
581
579
577
580
579
580
576
572
579
581
581
574
571
568
569
574
572
568
569
572
565
566
569
561
556
560
571
563
560
567
561
566
558
556
551
564
555
561
562
560
556
551
552
556
551
556
552
547
551
552
541
548
547
543
547
547
547
552
544
540
544
536
540
544
533
541
532
536
543
535
536
547
535
535
530
535
540
535
527
528
531
532
526
527
526
530
524
524
532
521
521
528
515
517
520
524
526
516
522
524
518
521
517
519
513
514
511
516
507
515
512
500
512
511
515
508
508
503
504
516
506
506
499
498
504
502
504
499
503
502
499
498
500
501
501
499
494
499
494
495
492
489
494
496
495
497
495
494
486
492
486
485
484
488
491
489
486
485
489
486
488
487
483
489
481
487
484
483
487
480
484
476
480
479
488
480
479
475
483
471
479
473
474
480
480
472
478
480
473
475
472
477
472
479
469
475
467
470
468
468
468
470
475
469
463
463
472
465
472
462
464
462
459
457
460
463
467
460
468
459
460
456
457
460
458
460
455
458
458
460
454
459
449
456
456
451
456
449
454
451
452
452
454
450
454
451
448
449
448
450
450
437
447
446
451
448
440
445
445
441
446
448
448
445
438
443
449
438
440
441
442
440
441
435
440
438
443
440
436
432
440
423
440
433
431
435
429
436
432
432
430
430
431
430
432
426
427
423
425
424
431
428
422
430
423
423
419
427
430
423
417
421
423
423
420
421
421
422
423
421
423
416
424
420
421
412
416
416
426
415
416
419
415
420
417
417
408
417
407
419
409
416
411
415
412
413
411
411
414
413
403
412
403
409
406
408
408
408
408
412
401
412
409
408
407
409
410
403
404
404
419
403
399
398
403
396
402
396
399
401
400
403
400
395
398
388
404
403
398
396
396
399
393
396
392
395
399
389
390
398
390
395
393
400
390
390
391
388
380
393
390
392
385
384
386
393
388
384
388
388
380
385
383
382
384
390
388
382
387
381
381
389
381
382
380
380
380
378
379
379
387
389
379
377
382
380
377
378
376
376
379
373
380
376
379
373
375
367
376
370
381
375
362
376
375
368
373
371
372
371
366
374
372
376
368
367
369
370
367
363
367
371
370
371
368
367
368
367
369
359
365
362
363
355
359
366
357
361
360
364
356
361
358
356
359
360
366
357
364
362
360
356
355
358
359
358
357
356
354
352
355
358
355
358
351
355
354
354
352
351
355
356
355
344
357
351
359
347
345
356
348
350
355
352
348
346
341
344
356
345
349
343
352
346
352
342
344
350
342
342
350
336
343
342
348
337
338
343
337
333
342
343
343
341
343
344
343
336
332
333
345
339
339
335
332
334
336
332
339
334
340
337
332
335
327
335
334
332
331
326
328
334
333
329
331
333
328
328
324
328
324
327
328
332
328
329
326
324
319
330
324
319
320
326
322
324
324
320
322
323
321
323
315
329
320
321
324
320
322
319
322
321
328
321
320
321
323
316
318
318
322
316
314
318
311
317
318
311
313
312
307
313
307
319
312
312
313
301
313
311
310
304
316
313
307
305
305
307
307
309
311
312
311
308
304
309
315
307
306
310
312
302
307
315
304
305
309
303
297
305
306
303
302
302
305
311
305
308
306
307
305
304
305
300
304
302
303
309
304
304
302
305
305
300
303
304
298
299
302
303
308
303
305
303
304
294
298
306
299
303
298
299
295
290
301
295
300
297
296
302
295
304
298
295
304
302
299
297
299
297
301
295
297
298
300
303
298
290
291
299
294
290
290
297
295
290
290
297
303
297
288
289
292
295
286
285
290
291
292
288
291
282
284
285
286
291
290
284
286
292
283
281
285
281
294
286
287
286
282
285
283
280
281
272
275
282
278
287
280
278
278
276
281
275
280
278
284
280
270
276
283
274
279
275
287
274
274
278
278
271
273
281
275
282
272
279
280
281
273
278
279
273
275
278
272
275
273
275
272
278
271
