- Wave Lab

- Experiment date = 2021-11-25 10:10:38
- Experiment duration = 15.45 s
- Number of samples in measure = 1
- Sampling period = 15446.31 us
- Sampling frequency = 64 Hz
- Samples count = 1000

- adc12bit
2279
2279
2277
2280
2274
2280
2278
2286
2275
2281
2275
2276
2275
2275
2270
2276
2275
2274
2271
2267
2272
2270
2275
2265
2267
2260
2267
2262
2255
2263
2259
2260
2262
2259
2252
2255
2255
2251
2248
2235
2243
2243
2243
2237
2234
2238
2234
2227
2224
2224
2219
2223
2219
2215
2209
2211
2208
2202
2200
2198
2196
2182
2188
2176
2179
2179
2174
2171
2170
2160
2161
2158
2153
2148
2142
2134
2135
2123
2125
2119
2120
2107
2107
2103
2099
2097
2083
2087
2083
2078
2073
2072
2059
2067
2062
2049
2052
2047
2043
2036
2031
2030
2023
2023
2020
2015
2016
2012
2008
2004
2000
2000
1998
2014
2009
2016
2016
2026
2024
2037
2050
2063
2073
2095
2115
2146
2167
2193
2224
2259
2287
2324
2349
2366
2371
2379
2380
2385
2383
2383
2385
2374
2368
2340
2313
2283
2254
2227
2207
2188
2171
2154
2143
2129
2137
2132
2132
2140
2148
2162
2180
2188
2204
2224
2244
2251
2265
2284
2291
2302
2311
2316
2312
2307
2300
2283
2270
2254
2243
2227
2206
2195
2188
2177
2162
2150
2144
2141
2125
2119
2118
2115
2119
2124
2126
2135
2136
2151
2147
2150
2157
2163
2162
2166
2168
2156
2156
2158
2147
2134
2125
2119
2097
2096
2084
2068
2070
2055
2051
2034
2028
2025
2019
2016
2017
2014
2008
2014
2002
2011
2012
2011
2022
2016
2016
2023
2024
2020
2030
2032
2040
2041
2038
2046
2047
2056
2058
2070
2076
2081
2089
2107
2114
2130
2144
2158
2165
2177
2195
2202
2211
2222
2230
2227
2228
2226
2217
2204
2196
2179
2164
2154
2147
2131
2123
2119
2108
2102
2096
2087
2082
2082
2086
2088
2091
2096
2102
2099
2103
2108
2110
2111
2117
2116
2118
2120
2107
2111
2104
2098
2093
2087
2079
2075
2065
2062
2053
2048
2044
2032
2018
2021
2009
2005
1996
1991
1987
1982
1978
1977
1972
1976
1968
1979
1975
1976
1976
1985
1978
1981
1980
1984
1980
1992
1987
1987
1982
1990
1980
1979
1980
1974
1968
1961
1961
1952
1955
1950
1950
1947
1944
1966
1942
1947
1945
1954
1959
1970
1973
1984
1998
2006
2016
2032
2043
2056
2067
2083
2103
2108
2119
2138
2145
2168
2180
2189
2191
2211
2207
2211
2212
2215
2206
2200
2200
2184
2172
2159
2140
2126
2111
2099
2087
2072
2064
2043
2039
2027
2009
1998
1986
1980
1980
1972
1971
1966
1968
1976
1980
1970
1980
1987
1984
2002
2008
2017
2030
2049
2055
2062
2073
2088
2097
2102
2111
2115
2119
2119
2117
2114
2114
2107
2098
2088
2078
2069
2053
2039
2033
2012
2008
1996
1982
1968
1954
1947
1934
1913
1918
1908
1908
1896
1889
1900
1892
1892
1892
1890
1895
1896
1896
1902
1905
1904
1916
1923
1926
1926
1943
1958
1948
1955
1967
1967
1977
1977
1980
1980
1972
1982
1983
1978
1980
1976
1968
1968
1960
1947
1940
1931
1926
1915
1910
1903
1895
1892
1887
1889
1878
1884
1870
1868
1868
1862
1866
1863
1862
1867
1868
1871
1866
1865
1862
1870
1862
1859
1859
1854
1857
1864
1862
1849
1856
1855
1858
1859
1856
1856
1857
1855
1856
1856
1852
1852
1851
1848
1843
1848
1842
1832
1828
1824
1819
1817
1809
1804
1795
1789
1793
1781
1770
1768
1768
1755
1760
1747
1750
1750
1742
1734
1737
1727
1723
1724
1718
1712
1704
1707
1699
1699
1688
1683
1678
1679
1673
1676
1671
1667
1657
1655
1652
1641
1646
1641
1637
1633
1633
1630
1628
1618
1615
1611
1612
1603
1603
1601
1597
1592
1585
1574
1578
1570
1576
1566
1561
1557
1548
1550
1550
1545
1531
1538
1528
1522
1530
1516
1511
1505
1501
1503
1492
1488
1488
1484
1476
1476
1473
1471
1467
1465
1464
1448
1456
1449
1456
1442
1443
1440
1444
1433
1425
1425
1423
1417
1418
1416
1411
1404
1400
1403
1395
1392
1383
1388
1389
1383
1384
1379
1377
1366
1369
1366
1359
1363
1361
1350
1352
1356
1349
1344
1343
1336
1335
1329
1335
1324
1337
1323
1322
1323
1321
1317
1311
1309
1302
1305
1307
1300
1305
1310
1295
1295
1290
1287
1281
1281
1282
1276
1271
1279
1268
1267
1268
1260
1260
1255
1255
1255
1254
1254
1248
1254
1244
1242
1237
1238
1238
1225
1233
1235
1231
1222
1223
1220
1206
1216
1208
1208
1204
1200
1206
1200
1201
1221
1201
1193
1195
1191
1191
1185
1185
1183
1167
1171
1172
1170
1176
1171
1162
1167
1158
1156
1153
1164
1146
1149
1144
1144
1137
1135
1139
1136
1136
1131
1139
1126
1129
1122
1122
1118
1119
1112
1112
1112
1105
1112
1106
1094
1101
1098
1097
1085
1095
1099
1091
1087
1091
1084
1078
1081
1084
1074
1080
1068
1076
1071
1067
1059
1064
1071
1059
1050
1060
1044
1047
1054
1039
1040
1051
1038
1030
1031
1037
1031
1024
1035
1027
1026
1023
1024
1024
1013
1017
1021
1016
1009
1014
1001
1008
1011
1009
1000
1001
1003
995
995
992
994
995
994
985
984
987
991
980
984
980
979
976
975
968
966
974
972
966
963
961
967
954
951
951
955
956
951
948
952
950
945
952
943
940
944
948
931
938
933
936
936
932
931
931
926
925
927
920
920
929
917
919
915
919
912
913
905
911
911
904
908
908
899
903
901
908
895
892
897
888
894
901
895
896
888
883
887
890
886
882
883
878
879
879
882
878
880
871
871
880
874
872
871
863
864
856
866
867
866
856
864
861
865
850
849
854
844
848
842
851
841
844
844
841
839
836
842
841
838
844
835
831
831
834
826
828
829
837
824
825
823
826
819
823
817
820
814
821
818
816
820
813
811
812
812
801
814
812
805
803
805
803
800
799
797
804
796
794
797
793
798
796
793
